0	0.000
73469	3.000
113207	4.000
25945	4.500
83411	5.000
8903	3.500
3920	3.500
4026	1.000
164	3.558
4024	3.375
4022	3.469
68319	2.912
4020	3.136
26375	2.500
31270	3.500
166	3.000
26371	2.500
55290	3.786
55294	2.500
4509	3.250
5535	1.000
160	2.341
5980	3.500
5986	3.250
344	2.871
346	3.000
92309	2.500
162	4.136
3999	2.525
25965	2.000
3997	1.900
55768	2.857
3993	3.031
3991	1.818
61206	4.500
4686	1.750
116413	3.000
31737	3.250
56587	3.625
130642	3.500
116419	1.500
43871	2.667
4932	3.125
7818	2.500
26199	4.000
37731	3.650
55908	3.917
6154	1.000
6156	3.200
4682	3.667
6796	3.981
6794	2.167
4736	1.000
4680	2.000
27376	0.500
107516	3.500
2316	2.786
112460	2.000
4738	4.000
2312	3.733
2310	4.000
104283	4.500
4831	3.000
5850	0.500
1654	3.500
296	4.256
294	3.333
292	3.309
4833	4.000
290	3.938
66427	3.500
3773	2.500
59447	5.000
3771	3.250
3777	2.250
6725	5.000
3775	3.000
4835	3.188
121231	4.000
270	3.222
272	4.000
274	2.667
6358	3.833
55830	2.812
278	3.000
6587	1.000
32019	2.167
4659	4.000
4660	4.000
26157	0.500
48520	4.000
2165	3.929
962	3.000
26151	5.000
112497	1.000
1005	2.500
7889	4.500
2268	3.862
26391	2.000
104069	4.333
1371	3.053
93324	5.000
26122	3.500
52462	3.750
93320	5.000
2264	3.000
2442	4.000
2440	4.000
101947	3.500
2448	2.000
53737	0.500
113573	3.000
2514	2.125
108	4.000
30707	3.700
102	2.591
4149	2.438
100	3.429
2101	2.500
104	3.293
2046	3.824
7625	4.000
42632	3.167
2042	2.750
1003	3.000
2040	3.333
146656	4.167
6051	3.500
118334	2.000
7627	4.500
2048	3.875
6378	3.527
57504	3.833
26025	2.000
6370	3.833
39416	5.000
582	4.000
45442	3.500
45440	3.750
449	3.500
45666	2.929
4978	3.600
48560	3.750
540	2.694
57980	3.000
39414	4.333
69516	4.250
99089	4.000
44245	4.000
7786	3.500
4279	3.000
93982	2.000
96815	3.000
46865	1.750
2835	3.000
107406	3.571
60649	1.000
32444	3.250
8943	3.500
5298	3.333
8947	2.769
3513	3.286
7782	3.500
3511	2.000
1210	4.060
3515	3.400
6204	2.500
2688	3.242
6800	3.000
3852	3.667
2686	3.818
45208	1.500
2682	4.375
8958	3.952
3391	3.333
112138	3.875
108715	1.500
342	3.438
6808	2.375
71535	3.635
65037	5.000
71823	2.500
47950	2.833
71533	3.000
99	2.750
134859	3.500
3560	4.000
6703	3.500
57353	4.250
96811	4.000
3395	2.800
93	2.227
162672	3.000
104841	3.741
32525	5.000
97	3.875
3207	3.000
94677	3.500
3205	3.000
1627	2.864
3397	3.450
1625	3.921
1999	2.667
348	3.938
1629	3.400
1377	3.086
4912	3.500
45062	2.250
8839	2.500
70488	3.500
8835	1.500
4974	2.923
112556	3.720
53133	2.500
8831	2.500
3010	4.500
8833	3.875
2860	3.300
116136	2.500
2862	3.125
3696	4.333
2864	2.750
2866	3.750
555	3.886
99609	4.500
551	3.650
553	3.482
5054	3.667
54372	4.500
34002	2.500
31973	5.000
7272	2.500
41569	3.283
80599	4.500
1199	4.032
34338	4.000
94833	2.833
7078	3.500
6990	4.000
3342	4.000
1193	4.257
7070	3.750
1197	4.209
4976	3.000
44421	4.000
1757	3.500
83613	2.312
1753	3.000
112749	2.000
156387	4.000
1177	3.769
102252	4.500
1175	4.167
1173	3.211
1171	3.581
4251	4.000
31696	3.240
51773	3.000
4255	1.714
7209	3.667
1179	3.850
3579	2.333
511	3.000
5531	2.500
67695	2.500
4523	3.500
89761	3.500
34332	3.458
27611	3.429
136592	1.500
158314	4.500
1287	3.891
58365	4.000
1281	4.043
1593	2.786
106438	4.083
34334	2.125
136598	2.500
106920	4.080
8765	4.000
3430	2.571
548	3.000
109846	3.000
47815	0.500
72129	3.250
685	3.125
687	3.000
681	3.000
31700	2.500
7186	3.500
458	3.750
72701	2.750
8387	1.917
3434	4.000
8385	3.500
88812	3.083
73759	4.000
88810	4.000
80551	2.500
6091	3.500
40414	4.333
40412	4.750
870	1.667
8019	4.000
8057	3.000
8015	3.500
8011	3.300
7456	4.500
2741	2.667
7454	2.844
1221	4.385
92264	2.000
580	3.000
4383	2.833
108795	4.000
5625	2.333
4387	2.667
2149	2.000
7458	3.188
34150	2.533
1340	3.750
1373	2.780
1375	3.315
401	4.000
1379	2.821
4848	3.705
8499	3.125
7698	4.125
1342	3.059
25947	4.250
3834	3.000
96150	2.000
3836	3.500
2031	3.250
3832	3.000
65088	4.000
1344	3.632
3838	2.000
93432	3.000
5995	4.131
4844	3.036
4033	3.889
5991	3.647
1346	3.111
4037	4.125
4039	3.308
5777	4.000
26366	2.250
107057	3.000
4734	3.242
4840	2.000
26564	2.250
26562	4.000
89039	3.833
110127	2.250
103372	1.833
2039	3.500
26094	5.000
371	3.250
373	4.139
375	3.667
6503	2.021
377	3.567
55245	3.250
87192	3.667
55247	3.629
4349	4.500
73276	3.000
393	2.100
4347	3.500
391	3.000
6798	3.000
68614	2.500
7180	4.000
2334	3.344
8725	2.500
5854	4.000
6783	4.000
6785	3.200
88380	3.500
4725	4.500
4727	2.333
4721	2.500
69495	3.000
4723	3.900
5847	3.000
104944	4.250
5498	4.750
74486	3.833
27721	3.909
5841	2.000
1865	3.167
26492	3.500
96417	2.500
104272	3.000
26494	3.833
73854	3.500
5111	3.000
60126	3.192
3746	5.000
3203	3.833
3744	2.692
3742	3.781
5548	3.500
3740	3.159
106236	3.000
5915	4.250
4622	3.000
4624	2.000
243	4.000
4628	3.625
7179	4.000
249	3.375
80586	3.750
6268	3.000
2275	3.167
2271	3.625
2273	3.558
8752	4.000
57669	3.947
26485	0.500
2279	3.409
4233	2.500
26386	3.750
110453	3.000
27178	2.750
161918	1.500
4981	4.250
26663	4.000
60137	0.500
3454	4.000
2459	3.500
3201	4.075
104726	3.000
95780	3.500
49772	3.500
2451	3.833
60135	4.000
42935	4.000
94015	2.333
98154	3.429
179	3.500
177	2.885
86982	2.000
175	3.957
173	2.564
171	4.333
2051	3.750
1502	1.750
2053	2.353
2055	4.000
2057	3.750
2059	3.222
3692	3.500
4741	4.500
3694	2.333
1500	3.969
74228	3.200
7980	3.357
7982	3.167
7984	3.500
109576	1.500
5506	3.375
141688	2.500
6365	3.268
44788	4.100
1948	4.458
117511	3.000
650	3.188
134158	1.500
2996	3.000
103688	2.875
3526	3.587
3524	3.853
3522	2.000
3520	2.667
4538	1.000
63479	3.500
3087	3.317
3528	2.679
1113	2.429
4655	3.000
112303	1.500
4073	1.000
7210	3.833
34583	3.000
7212	4.000
6387	4.000
7216	3.167
85510	2.167
1601	3.500
6215	3.833
6213	3.286
3083	4.200
6211	4.250
2697	2.000
32017	3.000
46559	4.000
70121	0.500
1603	2.400
2691	2.750
71838	3.583
276	2.864
6811	2.875
3221	4.000
6813	2.250
71520	2.929
2435	3.000
1845	4.125
3223	3.750
26313	3.750
61394	2.750
34552	3.750
7881	3.500
152057	0.500
7324	3.500
7320	4.000
157667	1.500
1616	3.536
3676	3.536
1614	3.360
2152	2.250
1612	3.000
809	2.750
5193	3.667
8848	2.000
61013	5.000
4550	2.000
8840	2.500
85774	4.111
108928	2.333
72176	3.000
54419	3.000
32464	3.000
3780	2.000
2871	3.938
4837	2.250
2877	3.111
2875	3.444
2879	3.700
78499	4.071
105769	4.500
5603	4.167
4534	3.750
7669	4.417
78266	2.000
3357	4.750
3351	3.000
6770	4.250
48043	3.125
7883	3.000
3359	4.132
78264	2.000
26810	3.250
5449	2.737
7069	4.250
4989	2.500
5443	2.000
123947	3.000
7065	3.000
7063	4.333
7061	3.833
105763	3.000
54745	3.500
114464	5.000
134783	3.000
1942	4.333
1762	3.125
79139	4.000
1760	1.808
6518	3.000
64997	2.500
6961	3.250
26782	3.000
6963	4.000
57845	4.500
132488	2.000
8158	3.500
48061	4.500
83134	3.875
8154	4.062
8620	3.750
112062	4.000
8622	3.565
6772	2.500
95375	3.000
64993	3.750
95377	5.000
40629	3.725
108188	2.333
5504	1.812
27604	2.800
8477	4.250
5500	3.958
692	2.000
1544	2.888
1542	3.800
694	2.850
8228	4.100
69844	4.069
26700	1.667
103141	3.571
96655	4.500
26704	4.000
542	2.737
83332	4.000
8712	4.000
546	1.735
135508	3.500
544	2.611
8718	2.500
2385	2.250
66371	4.200
143257	2.500
94480	1.000
26788	3.500
91470	1.500
109187	1.750
11	3.689
89804	3.944
57223	0.500
109183	4.000
2387	3.038
91690	5.000
2969	3.667
148238	3.000
13	3.938
97230	5.000
2262	2.706
54190	3.400
27772	2.250
8530	3.875
127198	3.125
77364	3.375
6000	3.000
8534	2.500
93326	2.900
132796	2.667
991	3.500
58303	4.200
5618	4.135
7445	3.391
6404	3.500
92259	4.167
5612	4.000
2266	2.667
95207	1.750
6561	3.875
9	3.150
97858	2.000
58839	3.250
414	2.500
87930	2.000
416	3.250
1388	2.759
412	3.540
1384	4.000
27802	4.000
1380	3.478
5715	2.500
1382	2.000
3827	2.667
5003	3.000
3825	2.926
3823	3.125
5470	3.400
3638	3.565
74727	5.000
1069	3.667
5001	3.500
3829	2.000
59	4.000
3041	3.000
2752	4.000
26915	4.500
2446	1.400
5135	3.625
69974	0.500
6875	1.000
4282	3.333
31427	4.500
4280	3.750
132462	1.000
96314	3.500
60937	2.333
6873	3.107
26555	3.167
3588	4.000
100498	1.875
61350	2.250
27808	2.833
91500	3.382
366	3.273
364	3.777
362	3.450
5009	3.083
360	2.500
44759	1.500
117434	1.500
60333	4.250
7762	3.000
55250	2.750
74851	3.000
32369	3.500
96530	2.500
5276	4.000
2062	2.000
1049	3.619
380	3.515
382	3.105
384	3.250
62511	3.833
81512	3.000
388	3.667
5379	4.250
6170	3.400
45880	2.750
6774	3.786
6776	4.375
4754	4.000
4756	1.833
5872	3.097
1076	3.750
5876	3.950
5874	1.750
27156	4.500
3216	5.000
3759	3.500
80748	4.500
60487	3.500
900	3.955
57274	3.333
3755	2.953
3757	5.000
4970	3.722
258	2.500
2194	3.910
53999	2.500
252	3.061
8169	3.143
250	3.250
53993	1.600
254	3.000
2200	4.000
3379	3.417
2202	4.364
2204	4.167
118105	4.000
2206	3.700
2208	4.071
101529	2.000
100032	2.000
100034	4.000
2790	2.417
64614	3.833
101525	3.900
6686	2.167
2428	2.591
85020	3.500
57418	3.500
2420	3.368
2422	2.237
2424	3.242
85022	2.700
60069	3.704
1674	4.045
168	3.116
127178	3.500
32031	3.269
80489	3.765
64030	2.000
7841	2.833
7843	3.500
6356	3.500
3689	2.000
4815	3.500
6350	4.068
3683	4.292
132952	4.000
3681	3.786
3687	3.500
3685	3.600
3461	3.231
7991	2.833
2518	3.333
7995	3.000
97593	3.500
2516	0.750
6198	3.500
4420	3.125
56079	1.000
2734	3.333
126548	3.000
2736	3.750
2730	3.333
6743	3.600
2732	3.850
5296	2.688
5294	2.950
2738	2.667
78637	2.800
99085	2.500
3531	2.000
4769	3.000
3535	3.245
7034	3.700
3537	2.833
114925	2.000
3539	4.167
30820	3.429
5056	4.000
1816	2.500
1810	3.533
147006	3.000
1812	3.000
27664	5.000
106397	2.500
32596	3.100
7207	3.000
2794	2.875
80553	5.000
115502	3.500
300	3.750
47330	1.000
48304	4.000
90888	2.750
134569	3.500
2169	2.750
6228	3.250
8143	3.500
133782	2.000
104863	4.000
64900	4.000
86504	4.500
129653	3.000
1151	4.000
104339	4.000
78116	3.500
4952	2.500
95199	2.250
160438	4.250
4992	2.800
121491	4.500
1609	3.000
3135	3.944
39768	4.500
69529	4.000
1979	2.250
1977	1.667
2161	3.303
1975	1.944
1973	2.333
1971	2.667
59832	3.000
96590	2.500
8859	0.500
44225	3.250
49286	3.269
59834	0.500
803	4.250
59014	2.125
801	3.208
8857	3.000
805	3.765
1258	4.030
37384	3.400
59126	4.000
26731	4.000
2848	4.000
5425	2.000
2846	3.944
101741	4.000
2844	3.333
48791	5.000
2615	3.333
2840	2.750
3320	4.500
58301	4.000
59805	4.000
3324	2.071
27109	3.750
27800	3.500
3328	3.725
45662	1.000
5445	3.687
5478	2.500
3971	4.000
1777	3.236
6332	5.000
1771	5.000
62344	3.500
79029	4.000
7050	3.500
1779	2.737
50147	2.000
112112	2.000
6884	4.000
326	4.071
40946	4.000
129657	1.000
137337	3.500
3977	2.728
6996	2.200
8633	3.688
1153	3.000
26737	4.000
108447	1.500
97913	3.526
45668	3.125
59016	3.000
59018	4.200
1555	4.000
5515	3.500
32914	3.000
5517	1.000
2998	4.000
3038	5.000
3034	3.759
82461	2.885
3036	4.000
3030	4.167
3032	3.571
537	3.050
2990	3.294
535	3.885
533	3.333
82463	3.500
531	3.565
109864	2.750
8709	3.000
129659	3.500
57	3.143
539	3.428
61352	3.833
64032	1.500
7892	2.000
110781	4.000
89837	3.250
7340	4.500
8033	3.000
111362	3.792
111360	2.286
8039	3.250
4345	3.250
111364	2.929
5605	4.000
5137	4.500
8529	3.365
4000	3.000
5601	3.000
53	5.000
3719	2.000
34532	3.600
34530	1.500
5609	2.333
1904	3.875
34534	2.500
96691	2.000
26603	3.750
91199	3.750
66090	3.750
52730	2.500
59306	4.000
6514	0.500
6516	4.000
429	2.556
75816	2.000
79357	4.167
37382	3.250
83976	4.000
1399	3.500
1397	3.000
423	3.393
425	3.875
1391	2.994
3812	3.273
854	4.000
3810	2.500
3816	3.667
3814	4.115
109295	2.000
3519	3.500
72479	3.500
103543	2.000
8453	4.000
43899	3.000
8451	3.500
850	4.500
52831	4.000
6424	1.250
6426	4.000
4299	3.339
852	3.260
6422	3.333
103596	1.500
4297	4.000
4291	2.444
100159	3.500
8949	3.667
61323	3.783
31364	2.250
91535	2.857
1841	3.250
3870	3.000
100487	2.250
115216	3.500
55261	2.250
55267	3.583
99296	2.000
55269	3.786
72378	2.412
73290	4.500
7348	3.357
7263	3.864
85572	2.500
6163	5.000
2776	3.000
98611	3.000
4749	1.750
98615	5.000
115210	3.750
6769	5.000
4743	3.750
6765	3.333
6763	2.167
53322	3.240
4745	1.500
55805	3.400
7058	3.000
5869	4.000
3159	3.382
54426	3.500
5867	3.500
6950	2.500
4714	2.000
57243	4.333
2754	3.000
84847	4.000
2183	3.722
2181	3.600
2187	4.000
4608	4.000
227	3.156
6565	3.820
225	3.173
223	3.963
4600	4.000
5779	2.000
2215	4.000
42007	2.500
2219	4.000
105037	2.000
5607	4.500
1089	4.163
6132	3.500
31410	3.975
43932	2.000
6695	1.500
151	3.562
153	2.783
155	3.056
8684	4.000
157	2.375
159	3.938
2431	3.107
2437	3.000
141866	4.000
50189	3.000
60072	2.722
7832	4.000
7834	3.667
4200	3.500
60074	2.895
6341	3.500
76763	3.000
4518	4.750
6345	3.200
6349	2.000
34536	4.000
4516	3.500
6187	4.333
6806	3.000
6185	2.000
142258	1.500
6183	3.500
8525	2.500
1162	3.600
2507	1.000
2505	2.306
153584	5.000
64957	3.633
52767	4.500
103772	3.000
2725	3.600
2723	3.111
2721	4.417
141422	2.500
68269	4.167
5283	2.955
5285	3.000
44911	2.000
2729	3.688
93805	3.500
74868	3.000
7234	3.900
60674	5.000
48780	4.125
7942	3.000
138208	4.000
5047	2.000
81949	3.000
5043	3.000
6400	3.250
7238	4.000
1807	2.250
8998	3.500
3786	3.200
1801	2.818
3788	3.733
1809	4.000
4996	2.500
4994	3.550
6239	3.000
4990	3.333
6235	4.000
104881	4.000
6237	3.667
6231	3.500
6790	3.625
6233	2.750
112921	4.000
105211	3.500
152077	3.700
33085	2.000
44694	3.450
5560	4.500
152079	1.500
57528	3.583
110194	4.000
62764	4.500
110297	3.000
70697	1.750
5562	2.000
160656	3.500
81819	4.000
95182	3.000
53519	3.615
4684	0.500
3258	2.857
31104	3.000
8864	3.500
106072	3.182
3498	3.923
8860	2.545
71180	5.000
95	3.177
7308	3.250
39715	3.400
1254	4.300
3256	3.531
818	2.607
54503	3.739
48142	3.000
810	2.000
3047	1.000
146443	3.000
4268	2.000
141718	3.500
2859	4.000
1991	2.950
1250	4.138
2851	3.000
57526	2.500
2853	3.500
26838	3.500
5180	3.000
2857	3.786
138204	3.500
7045	3.500
421	3.000
27831	3.722
1267	4.122
101088	2.000
7043	4.250
72880	4.000
1995	2.375
27839	1.500
1395	3.429
45499	3.318
7056	3.875
5267	3.375
4570	4.167
1702	2.906
1704	4.140
1997	3.727
69604	2.750
3768	3.000
1393	3.698
1168	3.000
73106	2.167
2097	3.750
5269	3.857
76293	3.000
3658	3.000
8727	1.500
7939	3.000
68324	1.000
141886	5.000
1128	3.417
126430	5.000
2093	3.556
6989	3.167
26317	2.000
6987	4.000
6985	4.300
34437	3.600
6981	2.500
65552	3.500
25886	4.000
26726	2.500
2989	3.528
79720	3.250
66317	3.500
2983	4.000
3025	3.000
2987	3.667
58554	3.500
524	3.556
55094	3.500
78101	2.000
1018	3.400
78105	2.750
1014	3.300
36152	3.000
1016	3.100
34323	3.333
3951	3.500
34321	3.333
1234	4.016
8042	3.929
1230	4.094
1232	3.850
304	3.333
4194	3.500
1238	4.147
6408	3.000
4190	4.000
5670	4.125
5672	0.500
149590	2.500
306	4.172
2260	2.000
5678	2.000
97254	3.500
4356	3.917
4350	1.000
33672	3.500
4352	3.667
4116	3.400
6509	4.000
2488	3.800
6240	3.000
26614	3.962
107042	4.000
92507	3.125
106883	1.500
2486	3.000
112552	3.875
3720	3.500
436	2.200
3481	3.960
434	3.085
432	2.651
4675	2.000
111795	3.250
91610	2.000
74668	3.000
3809	3.345
61026	4.000
4673	2.750
61024	3.523
3801	3.633
1966	3.583
8462	2.500
47152	4.250
8460	3.750
27482	1.000
6008	3.500
8464	3.533
559	5.000
136305	1.000
340	3.000
3885	3.000
8190	3.000
6242	3.346
6433	3.833
83293	3.500
8194	2.750
48856	3.500
27002	3.333
64153	1.000
2868	3.000
143255	1.500
8459	4.000
2084	2.938
50514	4.000
103341	3.550
119155	3.250
61248	3.375
145150	3.000
110352	4.500
55274	4.500
4732	2.667
130682	3.500
51937	2.500
51935	4.214
4776	3.311
2244	3.000
4774	3.250
4772	3.875
41769	3.000
4770	3.000
73023	3.786
7155	3.250
32587	3.950
6244	4.250
4174	3.800
87660	4.500
104245	2.500
104243	2.900
98604	4.000
902	3.591
4178	3.917
7177	4.000
6754	3.190
55652	3.000
109161	4.000
5810	3.250
26809	4.500
5812	4.167
47606	3.000
107910	4.500
5065	2.571
2318	4.326
7173	2.346
6428	2.700
96606	4.000
4619	3.250
86911	2.500
238	3.000
4293	2.500
80717	5.000
234	2.750
45183	3.750
236	3.358
230	3.700
106441	4.250
232	4.208
86898	3.500
88267	3.250
62081	3.375
86892	3.000
55063	4.250
1	3.872
64278	5.000
5926	3.000
33917	4.000
132480	3.000
2707	3.514
146	4.333
5458	1.000
144	3.327
2479	2.000
140	3.478
2701	2.032
63062	3.667
104757	4.000
1430	2.500
53883	4.500
4501	3.000
3883	0.500
4503	3.000
26702	4.000
5353	2.000
7827	4.500
2088	2.540
2082	2.727
2080	3.686
152844	4.000
74275	3.875
52668	4.500
90266	2.750
26265	3.500
1191	3.550
131	2.000
104119	5.000
2532	3.143
3405	3.562
2530	2.875
2536	3.167
5452	1.833
2534	3.000
2712	3.627
2710	2.738
2716	3.762
128360	4.062
57326	2.500
89356	3.500
2280	3.500
2455	3.394
8985	1.792
7223	3.167
8981	3.921
3344	3.500
8983	3.324
68137	2.000
68135	3.682
5076	3.500
134246	3.000
5074	3.500
86	3.765
98000	4.000
3799	1.750
1834	3.913
3795	4.500
3724	4.115
3791	3.542
3793	3.559
53953	3.571
2404	2.231
2150	3.514
4987	3.000
933	3.966
931	3.812
937	3.800
32666	1.000
2408	2.438
5380	4.000
5382	3.600
5384	4.000
1759	4.500
5388	3.327
2457	3.200
4642	4.000
94024	4.500
1955	3.839
1957	3.940
1951	3.571
48696	3.889
48698	4.333
62331	4.500
1959	3.800
1755	3.000
84	4.000
102753	5.000
3249	3.412
63082	3.760
3243	2.375
71438	3.500
7317	3.188
3247	3.054
3245	4.500
125916	0.500
71379	2.929
50792	2.500
829	1.000
102993	3.750
59810	4.000
71755	5.000
59814	4.500
4406	3.864
2750	3.750
68793	2.800
30745	3.667
68791	3.385
1821	3.111
112006	2.000
1993	2.000
1483	3.278
59784	3.803
4688	4.000
1485	3.190
3306	4.375
8167	2.250
1489	3.500
5490	4.250
34143	2.667
41527	4.667
87884	3.500
1713	2.500
928	4.174
1711	3.375
1717	3.000
6970	3.500
5254	2.841
7922	2.500
1719	4.196
136800	1.500
2145	3.381
799	3.229
37739	3.500
4318	2.875
71573	1.500
71579	3.583
2143	3.367
37733	3.625
40148	4.500
66915	3.000
78703	3.500
96020	4.000
47493	3.000
2141	3.365
47491	3.250
1133	3.000
30749	3.984
1131	4.088
1137	4.000
56563	3.750
1135	3.348
1874	3.000
67361	2.000
2792	3.360
6978	3.300
159755	1.000
92420	3.200
5942	2.500
92424	4.000
922	4.295
62113	3.250
3018	3.821
7920	3.500
62115	5.000
27857	0.500
924	3.886
26999	2.000
3016	3.733
7142	3.000
519	2.396
33896	2.500
926	4.434
1009	3.250
1007	2.727
513	2.500
515	4.043
78893	1.500
517	3.094
1227	4.182
1225	4.155
1223	4.090
97836	1.750
8507	3.389
4181	4.000
2714	2.333
4185	4.000
34048	2.850
6536	4.500
6534	2.375
5667	3.250
6530	4.125
27727	4.000
58655	1.500
5669	3.914
4343	2.725
5539	3.000
6538	3.700
2882	2.167
92756	2.500
2880	5.000
68159	3.857
2886	2.250
2884	1.000
7492	3.000
2888	2.591
34198	3.000
31162	2.500
8617	3.250
8611	2.250
66544	3.000
571	4.000
106870	3.000
1285	3.803
61132	3.421
110501	3.833
152091	3.000
3872	4.333
32349	3.000
32460	5.000
34608	3.000
26524	4.500
50259	4.000
26528	3.125
7566	4.625
7375	4.333
7564	5.000
8189	4.000
1283	4.119
7560	3.375
19	2.598
8187	3.500
1922	3.667
8183	4.125
7764	3.000
7766	4.071
5153	3.000
92198	2.000
1924	3.556
103624	3.875
95067	2.500
74916	3.125
4198	3.000
3906	4.000
3900	3.000
3270	3.682
3902	4.500
55276	3.833
1289	3.923
3908	2.900
55207	4.000
4761	3.500
1928	3.000
32598	3.062
27334	3.500
4765	3.500
128616	4.000
4767	3.000
74688	2.000
106452	3.500
64229	3.500
26294	3.750
62999	3.188
4167	2.438
136602	2.000
3302	4.000
69280	4.000
4161	3.067
139915	2.000
157407	1.500
4169	4.500
678	3.833
5809	2.750
137595	3.000
5803	2.000
8761	3.500
4321	3.464
201	4.000
3474	4.000
203	3.304
205	4.000
8763	1.500
207	3.375
209	2.600
65310	3.000
3476	3.938
1573	3.452
55687	3.000
26180	3.500
1827	4.000
32280	2.000
68157	4.136
3470	4.375
104595	4.000
26188	0.500
109848	3.167
2239	3.000
117456	3.500
43556	3.500
112277	1.500
2231	3.847
8642	3.000
43558	2.000
30822	3.722
38992	3.250
2237	2.000
8884	4.000
25763	2.000
5933	4.000
1575	5.000
96075	5.000
25769	4.000
65682	3.143
96079	3.938
838	3.817
49530	4.041
8422	3.000
7812	3.750
229	4.083
64575	3.100
3496	3.500
8880	3.375
3494	3.346
3492	4.000
3490	3.000
2095	2.250
4606	2.000
4572	3.000
2091	4.000
3573	2.250
53894	2.917
3654	4.038
47044	2.700
3656	5.000
2099	3.700
2189	4.000
2525	2.700
2527	3.385
1236	3.800
2521	2.778
52644	2.833
2523	2.667
4602	3.000
2529	3.632
2664	3.974
45431	2.900
140265	5.000
140267	4.000
51834	3.250
3805	4.000
4493	4.000
4888	3.625
2709	2.643
2660	4.500
5063	2.000
4880	3.812
70567	3.500
62434	3.269
4886	3.885
26409	1.000
8963	0.500
52545	4.000
42009	3.000
103107	4.000
4404	3.000
42197	3.167
42191	4.500
93700	4.000
4402	2.000
2147	1.800
2413	3.132
2415	4.000
2668	3.000
135887	2.900
920	4.044
4228	3.150
45501	2.100
6257	1.500
6116	4.500
4972	3.250
118985	3.250
5391	4.000
5395	1.000
45987	4.000
2411	2.833
85736	4.000
7450	2.000
70305	2.500
26850	3.000
58972	2.500
1920	2.765
4224	2.250
3274	3.455
3272	3.312
98961	3.591
106696	4.042
58154	3.750
136020	2.875
106762	4.000
832	3.566
830	3.135
836	2.577
2938	4.667
834	3.000
7360	3.400
4220	3.667
7362	3.375
3478	3.333
162542	5.000
7366	2.167
2936	4.250
3	3.161
4222	3.000
4248	2.500
133645	4.000
27338	3.000
5825	4.000
159690	2.000
7074	4.500
2727	3.500
26854	4.000
108076	2.000
4389	3.500
7023	3.000
56367	3.854
9005	2.500
7027	3.900
9001	4.000
27851	3.500
20	2.538
7029	3.000
5483	3.600
5481	2.911
88672	3.667
784	2.551
786	3.109
780	3.484
5629	4.000
782	3.333
71205	3.500
1726	1.929
2356	3.150
5247	2.500
1722	3.286
80858	2.000
5243	4.000
103659	3.500
78349	3.167
2354	2.500
84601	3.500
37720	3.250
54787	4.000
4381	3.000
54785	4.000
7076	2.833
83374	2.500
6301	3.000
47200	3.143
5489	3.417
6592	2.667
30712	4.250
28	4.083
115122	4.375
40597	2.000
2439	3.400
3005	2.883
3007	4.179
3001	2.000
5621	2.500
66	2.000
7791	2.833
72998	3.642
3313	3.500
8493	3.714
1588	3.088
95449	3.333
1870	4.000
1582	3.500
58376	3.500
66335	2.250
45969	3.500
405	2.312
1584	3.728
8420	4.000
55069	4.375
2433	3.158
149532	3.000
3317	3.843
508	3.669
59995	3.833
7759	1.000
1030	3.222
1036	3.864
2417	3.000
1034	3.950
6303	3.333
630	3.500
632	4.500
1216	2.900
72226	4.022
1214	3.988
76251	3.667
89840	2.000
95654	3.500
26007	4.500
6521	2.500
25941	4.000
4378	3.577
6525	2.833
95441	2.950
6527	3.500
4372	3.056
104760	1.000
4370	2.927
4709	3.500
59429	3.250
5650	3.600
133195	2.000
1571	1.000
143385	3.500
2899	3.667
132961	3.000
108090	3.500
25996	4.500
51540	3.925
2897	5.000
2891	2.750
2893	4.000
1454	3.000
1104	3.913
129354	3.500
409	2.500
8666	2.071
7072	4.000
66203	3.125
2419	3.000
111913	3.000
1458	3.000
6596	2.875
31445	2.000
114044	2.500
4082	1.000
4084	2.964
4327	3.821
4086	4.250
4088	5.000
788	3.081
3861	3.036
80126	3.000
51094	3.500
3865	2.833
3737	5.000
93766	1.000
27020	3.500
99764	5.000
27022	4.333
89118	2.500
26513	2.500
3735	4.037
7571	4.000
7573	3.071
6419	4.500
7577	2.250
6415	1.500
118260	2.500
55078	4.000
32853	3.000
5630	3.759
6413	3.500
91548	4.000
7773	5.000
7836	3.583
7771	4.500
91542	3.769
8813	3.000
6598	5.000
5944	2.950
92163	4.000
320	2.750
3917	3.545
2136	2.694
3915	4.167
3913	3.500
3911	3.763
103813	2.500
90576	4.250
3919	2.667
6730	3.500
4644	3.500
6732	4.250
26052	3.750
4798	3.500
78903	5.000
80166	2.750
74677	4.000
4792	2.750
55272	4.000
5836	4.000
4031	2.375
5834	3.000
2945	5.000
5832	0.750
2130	4.125
5830	3.500
5632	4.000
4158	1.250
4338	4.750
8604	2.500
4699	3.500
103253	2.893
39052	3.000
8336	3.500
4929	2.700
216	3.024
25916	2.500
214	3.000
5993	3.000
98963	5.000
132046	3.071
56633	4.500
5229	5.000
218	3.333
52950	4.000
97393	3.500
97395	4.000
2138	4.000
92004	4.000
52967	3.625
6084	3.000
52952	4.167
74789	3.125
438	3.000
81156	3.750
980	1.000
114707	3.500
6646	3.333
81158	3.333
49013	1.000
74787	3.000
5902	3.774
68872	4.000
5900	2.389
939	4.000
25774	3.000
324	3.333
26117	3.500
696	2.000
56251	3.833
65567	2.500
141668	5.000
7809	3.500
8743	2.500
3483	3.250
140816	3.500
86852	3.000
4563	2.800
1270	4.015
4561	4.000
4567	5.000
136666	1.000
3649	3.136
118354	3.000
4569	1.000
3643	3.500
6022	4.000
2550	4.167
59519	3.500
2552	2.500
2554	3.333
27826	5.000
2558	2.792
128520	2.000
6390	3.750
62	3.690
2396	3.967
69644	3.333
3731	4.000
2392	1.850
2501	4.100
69640	3.643
64	2.400
52378	2.500
89260	4.000
2398	3.659
5010	3.724
101864	3.200
5012	1.500
5014	3.429
3003	1.000
5016	2.250
101895	3.167
2772	3.000
2774	4.333
140928	1.333
68	3.500
93838	4.083
4189	4.500
4901	3.519
81932	4.136
3940	3.000
5102	4.000
1858	3.417
379	3.262
6264	2.500
74327	0.500
113186	3.000
6260	3.250
4417	2.500
1852	3.000
1854	4.000
3843	3.500
1856	3.312
6064	3.500
2640	3.433
2170	3.000
2176	3.833
3160	3.693
2174	3.438
915	3.891
3845	5.000
917	3.688
911	4.111
134130	4.100
913	4.387
7096	4.000
2606	2.929
5450	2.500
53207	3.250
103279	3.500
113225	3.000
27912	4.000
83086	1.000
3261	3.667
55757	2.500
3263	3.379
1937	3.500
3267	3.571
3269	2.625
1425	2.944
1939	4.636
5120	3.333
5122	4.000
3467	3.853
7236	3.000
845	5.000
3463	1.000
7090	3.864
8899	4.000
7373	3.286
7371	3.875
8893	4.500
7946	1.500
3469	4.542
80463	3.977
1429	3.654
84395	2.500
1580	3.663
58347	3.750
71429	4.333
104913	4.364
5049	3.469
44555	3.932
71131	3.500
7153	4.128
84506	3.500
71135	3.857
54648	2.333
7319	3.000
79469	5.000
7151	3.750
7018	3.000
42681	3.500
7016	1.000
27846	4.250
53447	4.000
1739	0.750
731	2.750
88179	4.250
8044	3.750
1731	1.000
7948	4.000
1733	2.000
1735	2.933
733	3.737
5236	1.000
54220	4.000
5041	3.000
8132	4.455
6042	4.000
753	3.500
78574	3.583
88405	3.111
757	4.000
737	2.367
26812	4.000
759	5.000
56941	3.625
32882	2.750
1595	1.833
1032	3.612
3072	3.662
4930	5.000
3074	3.833
6880	2.667
54004	2.714
2956	3.500
1599	1.750
504	3.200
6888	2.417
5344	4.000
88140	3.659
1027	3.114
1021	3.179
3784	3.000
1023	4.088
7162	3.281
502	2.438
7160	3.562
5348	3.500
7164	3.333
2402	2.536
148652	2.500
500	3.467
130448	0.500
78729	2.250
44397	2.000
40870	3.500
56949	3.125
78174	3.000
605	3.342
1212	4.250
4367	2.843
1209	4.219
603	3.000
31522	2.750
7315	2.000
1207	4.181
609	3.107
1359	2.136
1203	4.304
5649	3.000
3144	2.500
3425	3.000
109673	2.100
5641	4.000
469	3.125
8275	2.667
3706	3.643
26649	3.400
1784	3.722
97470	1.500
3108	3.635
59180	4.000
3104	3.966
3106	3.667
2400	2.000
3100	3.589
102481	2.833
3102	3.900
1111	3.938
465	3.500
78772	1.750
5	3.268
1441	3.375
2006	3.427
1218	4.214
1449	3.879
8264	4.333
1805	3.231
4091	3.200
47721	3.100
4859	1.000
4095	4.500
1357	3.946
3326	2.333
4826	3.500
5735	3.000
4857	3.500
5737	2.000
1355	2.500
489	2.625
487	3.500
5799	4.250
485	2.887
483	2.750
4855	3.478
481	3.344
6468	2.500
105954	3.250
6787	4.125
50011	4.500
7584	3.375
45521	3.500
7586	4.000
6464	2.250
7487	3.333
145839	1.000
71490	2.500
2301	3.667
72947	4.000
8491	3.500
79553	3.750
4998	3.000
8268	2.750
7748	3.500
8266	2.500
2303	4.024
638	4.000
3922	3.000
127152	4.250
3926	3.000
112653	4.000
3924	3.000
3726	2.500
127158	3.500
2305	4.500
3928	3.400
35836	3.647
114082	4.000
6723	3.500
6482	1.250
6721	3.750
43376	3.667
2307	4.000
4789	5.000
4787	3.786
62733	1.500
4783	4.667
6480	3.625
51304	0.500
65642	4.125
65802	0.500
104218	2.500
5829	3.000
89321	2.000
4141	3.750
73386	1.500
4143	1.667
61071	3.833
3308	3.500
3854	4.000
61075	3.000
7919	4.500
5843	4.000
3858	3.333
6178	3.500
98369	3.000
1487	3.188
26599	5.000
104441	3.500
15	2.318
5960	5.000
17	3.924
92954	3.000
77810	4.000
6093	4.125
6095	2.750
5962	1.750
89305	4.000
69253	3.000
68838	4.250
6659	3.423
2383	1.708
2464	2.500
60832	3.000
621	3.333
131168	4.000
100843	4.500
55995	2.500
72109	4.000
55999	3.250
5917	1.500
50442	2.000
5913	3.000
3665	4.000
199	3.333
101415	2.750
195	3.214
8240	5.000
81831	4.000
191	3.000
64508	1.000
193	2.314
6385	3.705
3678	3.400
74532	2.667
90947	4.000
3672	3.562
131724	4.500
4552	4.125
3674	3.167
2541	3.127
2545	4.250
90439	3.250
2549	2.056
1456	1.500
42351	4.000
72224	2.500
2381	1.964
60128	4.000
56336	1.000
26258	4.000
99795	4.500
93443	4.167
140715	3.500
1450	5.000
140711	3.167
47978	4.000
7265	3.833
3580	5.000
8866	2.750
2769	2.333
4048	3.000
3584	3.625
1100	2.579
2839	4.000
2763	3.397
2284	5.000
2761	3.774
2767	1.500
7300	4.000
46544	4.500
8882	3.250
999	3.344
1515	2.950
64197	4.167
78316	3.500
25828	4.000
8583	2.500
6271	4.167
245	3.000
6273	4.833
906	3.654
904	4.315
4422	4.500
908	4.270
4426	4.000
247	3.651
4424	3.429
6077	4.500
3250	2.750
4958	2.958
6073	4.000
126106	3.500
77359	3.000
49280	5.000
241	3.500
2167	3.310
4956	3.000
1940	4.071
2163	3.167
2617	3.285
4080	2.800
113252	3.500
2613	3.600
4626	5.000
2611	3.750
7302	5.000
1946	4.208
100553	5.000
3869	3.444
7346	3.269
3292	3.500
3298	3.379
1944	3.925
5139	3.500
3294	2.500
3296	3.562
2389	2.692
99106	2.500
46948	3.250
3452	3.053
4187	3.938
3450	3.210
3456	4.500
71304	2.250
54286	3.959
80584	4.500
858	4.487
5083	4.000
5230	4.000
3863	2.956
91869	3.000
53326	2.000
33171	4.000
143657	2.000
41336	4.000
27875	4.000
27873	3.500
27871	3.000
26870	1.500
37386	2.538
4428	5.000
37380	2.200
27879	2.333
7009	3.000
99030	5.000
95720	2.500
7001	3.500
98585	3.000
7003	3.000
7005	1.500
48414	3.000
7007	3.333
100517	3.000
106144	4.000
98587	5.000
5223	1.000
5227	1.000
5225	3.981
54251	5.000
97328	3.000
112655	2.500
8930	3.500
816	3.000
54259	3.870
8938	4.667
2574	2.318
427	2.429
99117	2.125
742	2.750
3355	3.708
48872	3.333
746	2.000
748	3.273
4811	4.000
50851	3.750
34271	2.750
2912	3.765
40339	2.333
3063	3.429
3061	3.591
3067	4.000
2949	3.645
2947	3.717
3069	4.000
2943	2.667
2941	3.250
5357	3.500
26229	3.500
1054	1.500
719	2.809
1056	4.000
107141	3.250
8404	4.000
86593	2.500
91414	3.000
5359	3.000
1696	2.000
1694	3.812
1692	5.000
1690	3.033
614	1.500
5018	3.000
76303	3.000
715	2.667
92613	4.000
4310	2.869
4312	3.875
4316	2.000
33380	3.500
66665	4.200
2855	4.000
610	3.348
616	3.464
104076	1.500
1276	4.272
8798	3.712
711	3.222
108506	2.500
1878	3.000
8790	3.000
91890	3.500
39292	3.852
32844	0.500
8796	3.250
1490	0.750
111931	2.000
2493	3.500
3117	3.500
3115	3.667
3113	2.026
5463	2.844
3111	4.222
1472	4.000
82173	2.500
111113	3.125
1476	3.522
1474	1.667
57430	3.500
27837	3.000
8644	3.342
51931	4.000
100106	4.500
8640	2.500
1304	4.173
2594	3.944
1306	2.857
1300	4.053
1302	3.575
104078	4.000
50954	3.750
34129	2.000
2596	3.800
31193	4.000
1498	3.000
5742	4.000
498	2.667
100450	3.500
5746	4.500
494	3.475
4226	4.227
6329	2.000
490	3.429
6840	3.500
492	3.738
24	3.044
7478	4.000
26	4.100
103655	1.167
22	3.355
3120	3.000
6473	3.750
55052	3.833
6477	3.333
51575	1.500
25826	0.500
57401	3.750
110730	2.111
50794	3.500
48744	3.250
110882	3.250
50798	1.500
3180	2.000
7757	4.125
95782	3.500
7753	3.500
48593	4.000
3939	3.000
50842	4.000
78967	4.000
71108	4.333
2598	2.875
3937	2.500
48591	0.500
3933	0.500
8332	3.500
61646	4.000
26403	4.000
3265	4.100
2453	3.286
6718	4.000
130576	2.000
8338	3.833
6710	3.333
100272	4.000
32943	4.000
4130	2.700
3188	3.500
4132	3.208
65514	3.958
4136	2.000
3841	2.333
1061	3.545
5690	4.000
5696	4.000
3847	3.000
3849	4.000
1063	4.333
4923	4.000
54734	4.500
4433	2.250
96488	3.750
8730	4.500
78039	3.750
81132	4.000
70994	3.500
4046	4.000
4040	2.389
103819	3.000
4042	3.250
6662	3.833
81138	2.500
5098	3.000
6666	4.111
6664	3.500
5968	3.500
55232	2.875
7915	3.500
7	3.283
25750	4.300
51207	2.500
6868	3.833
27266	3.375
32381	4.000
4921	3.167
2288	3.924
3698	3.188
63992	2.538
3661	3.000
44511	4.000
3663	3.000
65585	2.100
2282	3.286
3669	2.667
2286	1.667
5582	2.000
4541	3.000
973	4.286
4543	3.000
4545	3.071
1605	2.800
130628	4.000
6639	4.250
149354	3.500
112334	3.500
149352	3.000
971	3.794
99917	2.000
90428	4.167
2572	3.474
2570	3.500
445	3.111
3690	2.000
2378	2.636
82931	3.500
2374	3.188
69945	2.500
2376	3.184
4927	4.500
2370	3.333
79946	3.500
2372	2.500
3593	1.211
4329	3.500
3591	3.306
2590	3.500
81417	3.500
5038	4.000
4822	5.000
5034	3.500
45172	4.500
1085	3.500
69118	1.500
39779	3.500
1876	3.146
4437	4.125
4532	1.500
6857	3.364
1083	3.000
118248	1.500
93498	4.000
4558	2.909
4945	5.000
53038	0.500
4947	3.250
4941	3.071
67255	3.571
118082	3.500
7171	3.000
6284	0.500
6286	4.125
4949	2.000
6040	1.667
2118	3.700
109374	4.029
180	3.307
186	2.875
26133	3.375
4925	2.000
2110	3.367
26131	4.083
2112	3.294
2114	3.652
8600	4.000
2116	3.421
90376	3.500
58103	3.250
58105	2.750
184	4.500
80083	3.500
1124	3.607
2628	3.199
62801	4.000
60	2.828
1919	4.000
5108	3.900
4592	1.000
7355	5.000
1126	2.727
7357	3.750
1986	3.500
1911	2.759
4156	2.000
1913	3.786
5106	2.250
188	3.125
1917	3.044
869	2.750
1728	4.000
33166	4.000
5434	3.500
3449	3.500
33162	2.950
861	3.500
6367	2.889
3447	5.000
118880	4.000
26689	2.000
867	3.000
2024	3.333
139757	4.250
2020	3.926
2022	3.423
57368	3.211
103048	3.667
42728	3.000
2028	3.945
96448	2.500
2758	4.000
2622	3.238
881	3.000
3146	2.500
45000	4.000
83910	2.250
26467	1.000
889	4.000
2620	4.333
2824	3.000
5214	3.750
99007	3.214
5210	3.500
2626	4.500
26009	0.500
467	3.333
5218	3.397
2044	2.250
33296	3.000
2624	3.667
87785	2.000
49817	4.000
8927	3.000
58293	1.500
58295	3.591
103042	2.955
8921	2.500
58299	3.375
353	3.590
5447	3.167
122892	3.885
38994	2.000
8929	4.000
26791	5.000
62049	4.500
84414	5.000
351	3.192
26797	5.000
46322	4.083
779	2.625
5416	1.500
77	4.000
3984	3.435
7102	2.375
7104	2.625
71	2.429
7108	1.500
3054	2.571
3052	3.323
2974	1.500
95115	4.500
5360	2.500
94011	1.500
1047	3.217
3029	3.500
95113	5.000
90343	2.500
67295	4.500
1463	4.500
31724	1.000
1681	1.889
26085	3.000
1683	3.750
1687	2.952
1689	3.292
5588	2.500
2981	5.000
31290	0.500
1269	3.946
63239	2.500
3289	4.000
8253	3.500
1263	3.865
7636	1.000
665	3.400
122904	3.389
663	3.412
1265	3.839
33836	2.214
3287	3.375
106540	4.000
5094	1.000
59418	3.750
2985	3.595
33830	2.500
8783	3.017
8781	3.000
3285	3.019
8785	3.500
34336	3.000
3128	3.250
106782	4.121
7614	3.583
7616	3.750
1409	2.985
5801	4.167
115151	2.000
1504	4.500
3281	5.000
1465	4.000
520	3.062
1461	2.714
8657	3.500
77201	2.000
33164	1.833
522	2.833
115881	2.000
110655	2.500
3276	1.000
72367	4.500
6446	3.500
6442	3.500
4239	3.486
31184	4.500
6851	3.500
4235	4.183
5199	3.000
6918	5.000
5366	1.000
4231	3.250
44849	3.500
59258	3.500
44717	3.000
5597	2.500
5599	3.500
1010	3.029
79203	4.500
3445	2.833
31502	2.500
1012	3.605
91355	3.500
7720	4.250
111384	3.750
58998	3.295
72781	4.500
3948	3.443
319	3.974
122900	3.794
95858	4.500
114662	2.778
50583	3.000
313	2.714
3441	2.750
32554	4.000
127136	2.167
47099	3.792
315	2.909
6585	2.000
6709	3.150
122490	1.500
6060	2.750
26414	3.500
1339	3.298
8327	4.250
73319	3.000
6707	2.500
141749	4.000
105844	3.958
107945	2.000
47640	2.688
4123	3.000
4121	3.455
2026	3.200
4332	2.000
77191	2.500
1335	4.000
61729	3.250
407	3.050
5685	3.500
41226	3.833
27783	4.000
7438	3.665
441	3.662
2699	2.911
120799	2.929
4495	2.875
447	4.000
55555	5.000
2321	3.625
6062	3.800
9010	5.000
48319	2.750
92938	1.000
6671	0.500
67408	3.300
163949	5.000
31878	3.658
4703	3.500
6679	3.500
114028	4.333
109895	3.250
27255	2.500
27253	4.000
4701	3.154
27251	3.500
90057	4.000
77421	3.000
2693	3.850
69275	2.250
26302	3.500
100083	1.500
93287	3.250
6644	0.500
6219	2.750
8699	5.000
5971	4.231
6611	4.500
102407	2.875
54910	0.500
32170	1.500
3612	5.000
3614	3.235
8129	1.750
3616	2.500
3618	3.250
104597	3.500
2291	3.848
2297	3.038
48032	4.000
52435	3.885
4354	4.000
27369	3.500
56286	3.500
74510	3.833
5773	3.000
6383	1.917
2569	4.000
885	2.000
2561	3.625
8123	5.000
2563	4.667
7579	2.833
2565	3.381
2567	3.000
8208	5.000
43910	4.000
27075	2.750
89000	3.500
2369	2.971
2367	2.727
27329	4.000
2363	3.864
2361	3.812
2587	2.600
2585	3.500
2583	3.333
97168	2.500
2581	3.043
5021	3.400
865	4.000
5023	4.000
5025	2.750
92509	4.000
5027	2.750
4440	3.667
4442	5.000
1887	2.667
4444	4.000
4446	3.026
4448	3.250
116660	4.000
90374	3.200
31694	2.167
964	2.500
966	4.000
960	2.500
6299	3.667
4208	1.000
6297	3.188
6295	4.000
7195	3.500
968	4.111
6291	3.300
42946	3.000
86142	3.300
2109	3.696
6059	3.071
287	3.200
2103	3.000
6057	1.833
2107	3.200
5575	1.000
2105	3.479
70183	3.625
3489	3.116
5117	0.500
2639	3.400
99005	1.500
90345	3.500
1610	3.897
2635	4.000
5573	2.500
2637	4.000
2631	3.000
2633	3.667
64249	3.250
105121	1.000
52617	5.000
7708	2.500
26843	5.000
58156	2.500
5292	3.750
52460	2.000
135861	4.000
120805	5.000
3438	2.972
1241	3.000
4936	3.500
876	5.000
3432	1.000
872	5.000
3090	3.167
3436	2.562
2037	3.667
38499	4.400
4590	3.500
2745	3.900
2747	3.036
2749	4.000
3096	3.900
4846	3.750
105213	3.200
135133	2.750
4842	4.000
110752	4.500
59731	4.500
3232	4.000
892	3.786
41912	4.500
27899	3.500
3094	2.667
896	3.667
898	4.351
33621	3.500
26487	2.000
113348	2.167
91094	3.667
5203	4.000
5205	3.500
3487	3.000
57951	3.000
1968	3.983
143859	3.000
5966	2.500
3544	3.667
130073	3.000
3546	3.844
3540	3.000
112897	3.500
4369	3.288
3548	3.969
96792	3.500
1964	3.900
8910	3.611
43635	4.000
8916	3.429
130970	5.000
8914	3.750
95744	2.500
32022	3.000
8918	3.000
33021	3.500
3238	2.000
5182	3.500
1788	4.250
2967	3.400
2961	3.455
4565	5.000
26784	3.000
762	2.462
1960	4.032
760	3.333
766	4.222
764	5.000
7111	4.500
7117	3.000
1962	3.625
7115	3.750
6877	4.000
3043	1.000
3045	3.000
74530	3.500
661	3.632
1926	2.000
49932	3.167
74624	3.500
1078	3.842
5375	3.750
1535	3.800
5377	3.644
107769	2.500
33760	3.500
5373	3.500
4499	3.476
55498	3.500
71102	4.000
1678	3.738
71106	3.750
149572	3.000
8923	4.250
1676	3.097
1670	3.800
3807	3.200
1672	3.667
1094	3.920
2499	3.500
1096	4.038
1090	3.934
70336	2.417
1092	3.295
674	2.690
4334	3.500
670	3.167
41716	3.250
1623	2.300
41714	3.500
1050	3.556
83361	3.500
3133	4.000
86487	5.000
27523	4.250
72741	3.500
95740	0.500
149406	4.333
2491	3.100
122890	4.000
76077	3.000
1410	2.750
1414	3.700
4640	2.500
1416	3.182
1322	2.500
775	2.000
1320	3.182
1326	2.667
1324	1.000
47714	3.000
1328	1.000
2073	4.000
1621	3.000
149606	4.500
26430	1.000
89408	3.000
110873	5.000
8138	1.750
2497	1.800
5768	3.500
7025	4.000
8136	0.500
8130	3.000
6909	3.750
1531	5.000
5568	3.167
49314	3.500
5564	2.000
103671	2.500
91582	2.500
2394	3.514
27660	3.676
1256	4.132
1526	2.167
4529	2.500
1252	4.336
106489	3.909
106487	3.288
104074	3.000
50802	3.250
50804	2.250
50806	1.500
308	4.159
3959	3.438
46850	3.667
2390	3.409
8147	3.500
3953	2.333
5186	2.500
302	3.714
3957	2.125
3955	2.750
5142	4.000
2257	3.500
4114	5.000
26241	4.000
4183	3.000
112804	3.000
8196	2.500
26425	3.500
2255	2.400
27815	3.583
87529	1.333
107978	5.000
6431	3.000
51357	4.000
97306	4.000
2978	3.188
27798	1.000
86298	3.100
27792	5.000
73	4.115
27790	3.900
3340	2.667
5159	3.600
56169	3.750
5700	0.750
4899	3.250
6600	1.000
2972	2.500
6602	4.000
49284	3.500
99270	2.500
2970	3.667
3166	4.000
4062	3.214
4060	4.000
4066	3.444
472	3.500
5940	3.400
2976	3.548
4068	3.250
92048	2.500
86320	4.000
5784	2.400
2770	3.069
5780	3.625
79	2.962
5782	4.068
5788	1.000
87222	3.833
100326	2.500
1043	2.375
3605	1.500
59421	2.750
4897	3.000
3609	4.250
1041	3.865
60397	3.333
4895	2.500
115713	3.942
116985	1.500
42418	3.750
3890	3.000
25792	3.500
7182	3.000
5364	3.417
97757	2.000
6114	3.500
127204	3.000
114635	4.000
85213	4.000
7067	3.000
32743	3.500
61705	1.500
2352	3.778
7979	3.900
2350	3.000
96110	2.667
129428	3.000
43921	4.000
7283	1.750
7935	4.000
7872	2.500
7285	3.938
69134	3.600
45950	3.789
5414	3.750
95443	0.500
51939	2.000
49651	3.600
4453	2.000
4451	2.500
99728	3.375
3739	4.667
1894	2.913
4459	5.000
133281	2.000
3733	3.714
1892	3.261
4691	2.500
2134	3.139
2132	4.196
2992	4.000
4697	3.375
951	4.212
119	3.000
953	4.153
84160	3.500
955	4.067
57038	5.000
957	4.000
26111	3.333
93980	1.500
81660	2.500
80241	3.000
85367	2.667
61240	3.778
2648	4.167
6266	4.500
84098	3.500
5164	4.000
5265	3.125
5168	4.000
2642	2.271
2644	4.111
4802	4.083
63808	3.667
46919	4.000
4954	2.800
62155	3.286
627	3.333
52604	3.500
4804	3.000
52606	3.500
40959	1.750
6992	3.000
4527	3.000
26324	3.500
3429	4.000
92008	3.000
4806	3.750
44597	2.500
3421	3.805
3427	1.500
26326	4.500
44731	4.000
147037	5.000
2002	2.974
2000	3.589
4589	4.000
2004	2.571
1564	4.500
4585	3.750
6617	3.833
4587	2.643
6338	2.250
4415	3.500
4851	4.000
506	3.111
98473	3.500
89774	3.900
45028	3.250
161594	3.000
2068	4.200
113829	3.500
27882	5.000
8257	3.000
3331	4.000
4411	3.000
78088	3.500
48522	0.500
88272	2.000
58297	2.500
3557	3.500
3555	2.879
3553	4.000
4305	2.333
3551	3.912
60609	4.000
3559	3.333
45730	2.250
667	3.667
45732	2.250
87598	3.000
4578	2.000
919	3.957
8907	2.682
105468	4.000
1261	3.788
84304	3.500
54736	4.000
1799	3.556
54732	2.833
49299	4.000
2916	3.562
2918	4.008
47202	4.000
1791	3.250
1797	3.833
1795	4.000
44193	2.833
4967	3.944
44191	4.014
44197	4.500
83132	3.750
44195	3.913
70846	2.000
7126	4.500
4079	4.000
44199	3.875
7122	3.750
2178	3.556
99669	2.500
5308	3.079
106542	1.500
104241	2.333
95135	4.000
5300	4.000
4963	3.881
5302	3.500
5304	3.000
33834	3.300
1067	4.000
84236	4.000
84944	3.714
122902	2.000
1669	4.000
1667	2.750
1665	3.250
1663	3.700
4077	4.000
1661	3.125
1087	3.750
593	4.138
595	3.750
5508	3.300
597	3.361
599	4.036
8239	4.500
68959	2.500
72165	3.000
3140	4.000
148881	5.000
3142	3.600
2828	2.500
7959	3.500
109578	3.583
3148	3.244
2600	3.125
2826	2.900
2820	4.500
2822	2.900
3386	3.821
127114	4.000
3384	4.167
5410	1.500
25891	2.750
3380	2.500
137403	3.500
147426	3.500
7131	3.500
5418	3.880
5795	3.500
3388	2.389
3021	5.000
70545	2.000
76060	2.000
33838	3.500
1401	3.500
1407	3.411
50703	5.000
1405	3.033
4215	1.000
1546	2.500
4217	3.700
102588	4.000
4211	3.857
3960	3.000
4213	3.500
443	2.667
118468	5.000
4219	3.500
690	4.000
1333	3.755
6932	3.750
6930	3.500
6936	3.167
6934	3.037
8695	3.000
27822	3.100
8125	4.333
87444	1.500
8121	5.000
7706	3.583
1933	5.000
39	3.550
7702	3.500
7700	4.750
5577	3.292
25882	4.500
31	3.179
37	2.000
1931	4.250
35	3.545
1537	3.972
3122	3.000
1243	4.045
1245	3.852
5816	3.660
647	3.629
1249	3.910
5128	2.333
3098	3.643
103444	4.500
698	3.000
1539	1.000
131830	4.000
5179	3.000
339	3.441
1935	3.875
72169	3.250
335	3.000
26005	3.500
337	3.795
6143	2.000
331	3.000
333	3.320
4101	4.500
4103	4.071
4105	3.646
67923	3.200
4109	2.000
8341	4.500
48997	3.222
74282	4.250
32387	4.000
103228	3.125
7199	1.000
73168	2.500
3377	3.500
91935	2.500
25901	0.500
134853	4.042
3892	3.000
78653	3.500
127202	4.000
3896	3.188
127206	2.000
98279	3.000
133771	4.250
7810	3.667
73344	4.417
8853	2.500
142997	3.500
56176	1.833
56174	3.190
3465	4.000
6613	2.250
7193	3.500
88744	3.792
26320	2.500
6615	2.167
49688	4.000
74754	5.000
47518	3.591
2154	2.667
161084	2.500
148168	4.000
5955	3.625
841	3.714
5957	2.567
5959	3.375
79702	3.962
89343	3.500
93061	4.500
3966	4.750
2064	4.393
3964	3.000
3962	2.250
5342	2.000
5791	3.962
93265	4.500
90866	3.300
5081	3.250
3968	2.471
96565	1.500
1317	4.000
42740	2.500
60753	3.667
96563	3.500
75805	2.125
71254	2.875
3634	3.417
3632	4.000
75803	1.500
55872	3.000
60382	3.833
60384	5.000
849	2.696
32352	3.000
97742	2.000
2347	3.333
140755	5.000
1311	0.500
97744	4.500
6107	5.000
4615	1.000
88106	3.500
6103	2.000
2673	4.750
6101	4.000
89864	3.692
55577	2.917
6983	3.500
4617	5.000
97188	2.750
101112	1.625
26003	3.500
43936	2.889
2345	3.750
99320	2.000
3241	3.500
120821	4.500
49396	3.500
49132	4.000
77658	4.417
74370	3.000
3708	3.167
1889	3.000
4466	5.000
4464	3.600
4462	3.000
1881	4.000
96004	4.000
2121	2.778
2123	3.150
2125	3.750
6109	0.500
948	3.591
4961	3.000
946	4.300
80346	3.500
944	3.000
942	3.885
5241	1.500
940	3.972
140759	5.000
6039	3.500
6033	5.000
6031	3.250
6037	3.000
6105	3.000
6035	4.500
4796	5.000
113416	1.500
2659	4.000
5069	3.750
6440	3.935
49394	3.500
2653	2.000
2349	3.773
2651	4.500
2657	3.175
71810	2.000
2655	3.000
4237	3.500
3414	4.000
3412	3.688
135	3.000
7382	3.500
7380	4.000
7386	4.000
34523	2.250
3418	3.533
6369	5.000
9012	4.000
105585	2.000
102278	2.000
27592	5.000
27778	3.500
60760	3.500
70293	3.786
6327	4.000
2019	4.278
6448	3.333
99276	2.500
2015	3.263
2017	3.143
4866	2.800
26865	4.500
2013	3.179
69606	3.100
6879	3.200
55100	4.000
43930	3.500
49822	3.250
49824	3.250
116855	4.000
96901	4.000
45837	2.750
43396	3.562
7254	3.469
7256	4.200
26694	4.000
3566	3.318
59315	4.027
3564	2.136
25752	4.000
112183	3.800
106100	3.881
7258	1.500
78321	1.000
7449	2.750
4486	2.500
36509	2.500
4482	2.500
8970	3.851
8972	3.414
4488	2.875
2903	1.833
71876	0.500
708	3.402
113780	3.000
2905	3.643
704	3.000
95201	3.000
700	3.143
702	5.000
7139	3.853
152017	5.000
140751	5.000
94466	3.714
91104	2.500
82	3.800
80	4.625
7135	3.625
48159	3.000
7137	4.000
38886	3.500
7728	3.625
5319	4.000
7944	4.000
99470	1.500
5313	2.045
7012	2.000
49910	2.500
72626	3.000
5315	3.000
58107	1.000
1658	3.375
8800	4.000
7010	3.750
102720	3.000
5818	4.000
1652	4.000
410	3.151
8808	3.062
39427	4.500
586	3.112
5238	4.750
30846	3.000
71700	1.500
8754	4.000
42900	5.000
30848	2.500
108548	3.000
1632	2.500
588	3.674
140753	4.000
3153	4.143
25952	4.250
71494	4.000
3157	3.074
148	4.000
3155	3.409
101884	1.500
2837	5.000
1982	3.538
37830	3.312
32291	2.500
988	3.750
47952	3.000
3393	2.000
1432	3.400
1980	3.000
5401	3.444
3399	3.000
418	3.000
64285	3.750
1148	4.093
127194	2.000
1438	2.682
612	2.667
112767	4.000
97870	4.000
83318	5.000
94864	3.125
5232	4.000
1348	3.810
4262	3.704
53887	5.000
4266	3.000
450	3.438
5234	4.000
452	4.000
454	3.473
456	3.333
3702	3.829
27646	4.500
6927	3.250
140247	4.000
27648	1.500
3700	3.667
7713	3.500
91630	3.722
3821	2.250
1883	3.290
5540	3.750
79588	3.500
5544	3.500
656	3.000
61123	3.000
25868	3.667
3089	4.043
3704	3.316
64034	4.062
8596	3.667
1508	3.333
3081	3.625
3942	3.000
79274	3.125
8376	3.133
8372	1.500
8370	3.929
140757	4.000
317	2.964
110110	3.000
8574	2.250
8576	4.000
3946	2.286
8572	4.500
7379	4.000
1272	4.100
86014	3.000
5278	0.500
1885	3.667
48982	3.500
4521	4.000
103235	3.875
55	3.333
1247	4.124
3889	1.500
26472	3.833
50912	3.625
4664	3.625
129514	5.000
84696	4.000
72356	4.750
7407	2.500
4914	4.150
39234	4.000
568	3.500
116503	1.500
2086	5.000
32211	3.500
40278	3.500
56145	3.625
5151	2.885
77414	4.000
4662	3.500
6628	3.000
6624	2.000
51698	3.000
6620	3.647
4008	3.646
496	2.667
755	2.000
82667	3.875
4002	3.375
104337	4.000
1081	3.672
4006	3.500
322	3.643
3973	2.900
3975	2.625
73531	4.000
3979	1.861
328	3.625
93272	2.000
83349	2.188
93270	1.667
3629	4.045
74545	3.250
3621	3.500
564	3.000
3623	2.969
65259	4.000
3627	4.333
56095	3.000
2330	4.667
3070	3.909
4716	1.000
4710	3.500
4284	3.000
2336	3.729
2338	2.500
59669	3.000
4718	2.872
1597	3.352
43419	2.000
3423	4.000
55566	4.000
1591	2.700
3715	3.000
3717	2.777
3076	2.750
3713	3.750
46335	2.571
5171	2.167
46337	1.250
4479	4.000
3078	3.750
116897	4.667
1278	4.088
69406	3.000
4471	0.500
5177	4.000
4473	4.000
4475	4.000
7649	4.000
4477	1.000
6006	1.000
4666	1.250
135436	3.000
4679	3.300
526	1.000
4677	2.750
2950	2.526
4903	4.100
2482	3.250
50064	3.000
43679	4.000
3252	3.950
2248	3.936
2952	3.500
26171	3.750
5689	4.000
2246	2.000
2240	3.154
2718	3.462
69712	2.875
7395	3.500
1025	3.596
997	2.667
2460	3.400
368	3.535
2462	2.125
5146	3.636
63826	3.000
2468	2.967
5346	3.833
3401	2.000
122	3.053
5256	2.000
124	3.000
126	2.700
34435	4.500
3409	3.000
52666	3.375
4875	1.000
92439	2.000
105246	4.250
1188	3.397
4873	4.091
56921	3.833
70282	3.500
33124	3.500
8987	3.500
70286	4.009
3254	3.136
97225	3.200
1186	3.638
2798	2.500
6316	3.200
50068	4.045
6314	2.250
2060	3.042
137	1.000
6318	2.500
2796	2.556
5427	5.000
2066	4.071
108979	4.300
7951	2.500
1029	3.702
108601	2.000
58879	3.833
5072	2.333
95508	3.500
52712	3.000
1180	3.667
107314	4.000
157296	3.333
49220	3.000
81910	3.000
7247	3.400
7245	1.000
44665	3.840
106111	1.000
8989	3.500
5092	3.000
3571	2.700
5096	3.000
8969	3.312
2662	3.361
32840	4.500
4491	2.000
8851	2.000
62849	3.550
1748	3.676
8961	3.861
97304	3.947
8965	2.786
3339	3.000
6820	3.000
6822	3.000
111759	3.942
6826	1.000
6828	4.000
2932	4.000
2930	4.000
96114	2.000
5324	4.000
80917	3.000
86548	4.250
70565	3.000
1836	2.889
70862	3.167
1645	3.458
1647	2.667
1641	3.773
1643	4.050
49961	3.500
68205	2.750
1902	1.000
1649	3.833
81516	4.000
91658	3.812
4035	4.000
116161	2.667
6864	3.750
8811	0.500
7894	4.000
109372	1.500
8819	2.500
44317	2.000
40614	3.250
61167	4.500
59900	2.333
573	1.000
60766	3.833
8745	3.500
577	2.000
575	3.571
1337	2.833
7650	3.000
2808	2.562
3168	3.720
2802	3.300
4361	3.810
2800	3.000
2806	2.455
2804	4.047
31658	4.204
2406	3.585
1423	4.250
3368	4.375
31685	3.229
1427	3.200
3364	3.929
5438	2.833
3360	3.759
122920	3.571
3362	4.086
158956	4.000
38798	3.125
735	4.125
76738	2.500
6323	3.609
136864	2.438
3304	3.333
4273	4.333
4271	3.333
4277	4.000
122924	3.000
4275	2.786
103299	3.250
1353	2.962
1201	3.939
1351	4.000
461	3.300
4055	2.875
463	3.429
6958	2.500
4862	3.000
528	2.500
31524	4.000
5553	2.500
89745	4.011
4053	2.000
6952	3.333
6954	4.250
48322	3.167
6484	3.500
26393	3.500
97957	4.500
4051	0.500
26775	1.500
2011	3.480
5522	4.125
8589	4.250
4750	1.500
91485	3.000
91483	2.000
935	4.083
62250	3.000
8581	3.500
1517	3.379
1274	3.838
4752	3.750
1513	3.256
8361	3.060
117533	3.500
8363	2.000
8235	4.000
8367	3.000
8369	3.300
102445	3.775
145307	2.500
61361	3.000
66744	4.000
5883	2.000
5881	2.438
77427	1.250
51412	3.500
50651	3.000
51418	1.000
5643	2.500
94266	2.750
92206	2.000
67734	3.143
6550	2.500
6552	3.850
6862	3.500
8273	4.000
27741	4.250
110611	2.500
3186	3.625
35957	3.500
3182	3.312
25929	4.000
50923	3.000
283	3.000
132888	3.500
25972	4.000
51380	4.000
1896	3.000
26342	3.500
26346	3.000
86377	4.500
114060	3.500
5878	3.906
4019	3.423
32686	3.000
109042	2.000
8527	3.000
4011	4.037
30783	3.000
4017	4.045
4015	2.659
357	3.684
46	3.167
355	2.205
3988	2.759
7502	4.386
65130	3.500
3986	2.775
3980	3.250
44	2.697
109853	2.000
1953	4.022
75823	4.500
6125	4.000
2008	1.000
6127	2.250
6121	4.500
6123	4.000
1900	3.700
4893	3.000
32174	2.000
5119	4.000
2323	2.000
1447	2.833
4705	3.750
2327	3.900
2325	3.625
2329	4.023
1445	2.000
98491	4.750
289	3.464
3751	3.429
56156	2.500
56152	3.733
281	3.861
30723	4.000
1120	3.621
1331	2.333
285	4.000
3753	3.292
5663	3.000
3760	3.500
8871	3.500
3764	2.100
8675	5.000
3766	3.333
7481	3.375
8873	3.673
141956	1.000
263	3.000
111663	1.500
261	3.716
5694	2.250
267	2.731
2295	4.000
265	3.879
94325	4.000
7250	2.000
269	3.667
1290	3.583
94323	3.000
5061	1.667
2190	2.000
6013	1.375
85316	4.000
3225	2.600
74154	3.500
71252	2.167
74156	2.000
2495	3.875
74152	4.500
8879	4.000
82852	2.333
82854	1.750
2314	3.500
2259	2.500
69761	5.000
26160	3.500
112370	2.100
2253	2.750
3568	3.000
26164	4.000
63859	3.409
114552	4.500
2475	3.500
2473	2.056
2471	2.614
982	3.000
7311	3.000
63853	3.125
986	3.536
984	4.500
55814	3.900
117	3.000
111	4.225
113	3.200
7878	4.500
4639	2.607
4800	3.750
102995	2.000
2787	3.250
2781	3.000
2783	3.000
256	2.702
2789	2.400
6893	3.357
2079	3.500
26012	3.500
26010	3.000
6305	3.250
4480	3.000
2071	3.750
2077	3.333
2075	3.833
159858	3.750
134170	3.417
5087	3.000
133377	1.500
45679	4.000
4969	3.600
85796	2.250
3508	4.000
8954	3.500
26322	3.500
8950	3.684
3500	3.000
8974	2.500
3502	4.250
3504	4.092
3506	3.625
2671	3.383
36529	3.677
90738	1.500
2677	3.846
36527	4.083
36525	3.062
2929	3.893
104906	2.500
6835	4.000
2921	3.500
2923	4.000
2925	4.214
2901	3.833
2927	4.500
72011	3.481
91128	3.000
5333	4.000
5335	2.000
140739	5.000
5337	3.667
5339	3.312
2907	3.000
80906	3.950
91126	3.500
3214	4.000
1984	1.875
90600	4.167
3210	3.615
1636	1.000
7845	3.000
100306	2.500
3218	3.600
1988	3.000
83480	3.000
8820	2.500
71650	4.000
33669	3.750
3599	3.750
8828	3.000
2815	2.500
2817	1.667
59935	3.500
4965	3.900
8772	3.750
562	3.717
2819	3.800
86290	3.500
3179	3.227
70927	3.000
33681	1.500
33683	2.500
3171	4.250
3173	2.940
3175	3.508
2365	2.800
3177	3.167
7081	5.000
7083	2.500
7085	3.500
59333	3.000
7087	5.000
100304	3.000
7089	4.083
6684	2.500
1184	4.000
5421	3.500
88	2.891
3371	3.750
726	3.000
6460	4.000
724	3.111
722	4.000
720	4.000
1744	2.500
62203	4.000
1746	2.500
106766	3.750
47404	4.000
5636	3.000
728	3.969
1164	1.000
7926	4.500
7036	2.875
6493	3.250
4246	3.472
59339	4.500
31689	4.500
89194	3.000
7924	4.500
2035	3.000
76093	4.152
7038	3.667
76091	4.000
5524	3.000
6466	3.250
1586	2.759
5528	3.184
7294	2.167
3575	5.000
6947	3.456
108689	0.500
6945	3.667
1366	3.962
25842	3.500
110826	1.500
39869	4.000
48	2.926
95313	5.000
9018	3.667
95311	3.333
42	2.333
8482	3.000
40	3.917
31221	2.300
1298	3.646
31225	4.250
3300	3.269
1292	4.089
8484	3.500
1562	2.149
1296	3.823
6279	4.000
1566	3.500
8093	2.750
111443	3.333
87383	3.000
66171	3.000
73881	3.875
47196	1.500
135137	2.500
2033	3.042
5250	3.500
8392	2.000
108551	3.000
6974	4.100
8008	3.333
2589	3.000
3577	3.500
793	4.000
82041	3.500
6547	1.000
1861	2.000
85394	4.500
5638	3.000
1715	3.000
6541	2.850
4390	3.000
25839	3.500
4392	2.000
4394	2.333
1863	2.214
4396	3.500
3197	3.250
470	2.000
5502	3.167
476	4.000
5085	3.167
474	3.862
3728	3.571
25930	3.500
5258	4.000
3199	3.667
