8465	2.500
110553	2.500
98160	1.500
102217	5.000
73392	3.500
1866	3.600
89388	1.000
32234	4.250
25852	5.000
4027	3.875
104303	3.000
4025	2.792
4023	3.143
4021	3.833
33639	3.833
53129	4.000
114074	3.000
4029	3.467
5989	3.970
26578	5.000
37855	3.000
53000	3.429
100365	2.500
5981	4.000
48301	4.000
5985	3.000
345	3.750
347	3.857
341	4.500
3998	2.750
3996	3.855
3994	3.298
3992	3.375
3990	1.250
73266	3.600
98175	1.500
100383	3.500
4687	1.000
139620	4.000
73268	3.333
721	4.000
114670	3.250
6155	3.133
2919	3.794
6157	2.482
6159	1.500
7624	4.000
103865	2.000
6342	5.000
961	5.000
6797	2.250
27373	3.500
6793	3.125
6791	3.800
122888	5.000
81535	2.750
2313	3.857
2311	3.333
69951	3.429
299	3.750
1475	4.000
64701	3.000
295	3.000
293	4.072
133545	1.000
291	2.000
114935	3.400
4832	3.000
102819	3.667
3774	2.250
2324	4.025
104662	1.500
1325	1.000
2496	3.310
4834	2.500
271	3.500
273	3.130
275	2.800
91134	3.000
277	3.357
279	2.875
134368	3.700
95567	4.500
4658	3.800
117529	3.444
3211	4.000
4784	2.375
26152	4.000
26150	5.000
58	4.000
90531	3.643
581	4.235
3446	3.000
27032	2.000
26394	3.000
150856	5.000
53121	3.115
3235	3.000
6133	4.500
8207	4.200
2263	3.375
7882	2.500
33912	4.000
2267	4.500
6058	2.444
2346	3.071
2443	4.000
2441	3.000
2447	2.923
1154	1.000
2445	2.625
93563	1.500
4535	3.800
2449	2.000
106918	3.571
43267	5.000
8094	4.000
95558	3.300
7374	4.000
103	4.000
3282	4.000
101	3.882
107	3.463
105	3.115
4812	3.000
2045	3.400
107382	3.000
146309	4.000
4814	3.273
2412	2.632
4818	2.000
3691	2.500
2049	2.500
6379	2.750
85438	3.750
5828	5.000
45447	2.986
6373	3.100
6375	4.750
6377	3.803
85612	3.500
1329	3.000
92694	3.500
7789	2.000
5363	1.000
54881	4.222
1213	4.202
4140	5.000
1372	3.266
63113	3.147
60857	4.000
2142	3.250
36535	3.286
3518	2.000
50162	3.000
3512	3.553
3510	3.561
3516	3.062
54513	4.000
2832	3.000
90647	2.500
6207	4.000
2689	2.833
6203	2.000
2708	4.000
2687	3.625
1785	3.800
2681	3.000
2683	3.272
71282	3.167
2636	5.000
26974	4.167
59615	2.562
6807	4.054
1211	4.211
55765	3.455
6803	4.000
54775	3.500
53189	4.000
98	3.000
2812	3.000
3392	2.400
6979	3.621
87869	2.909
91286	4.000
92	3.542
94	3.568
96	1.000
3206	2.750
1620	3.375
1994	3.724
3200	4.300
1998	3.500
1431	2.722
3785	2.581
3208	1.750
33679	3.102
102905	3.000
8838	3.600
32153	0.500
102716	3.250
8836	2.333
8830	2.250
8832	1.500
2861	3.067
2863	3.883
558	2.667
1217	4.423
2867	3.250
554	3.000
556	3.900
550	3.273
552	3.140
41566	3.459
151639	2.500
3538	3.667
5033	2.000
3015	3.333
59103	2.667
32302	2.000
1198	4.193
5057	2.000
7079	3.500
79006	4.000
79008	4.250
1192	4.389
1194	3.733
1196	4.233
84116	4.000
1756	3.500
68358	3.833
1752	2.929
1750	2.000
170	3.288
1176	3.778
1215	3.817
6975	3.800
1172	4.261
6971	4.000
127728	5.000
1008	3.500
4254	2.400
1178	4.367
8915	2.000
754	3.667
5530	2.500
1822	3.000
5534	4.000
5538	3.000
95309	3.667
116849	2.500
97938	3.773
58520	4.500
1280	4.158
1282	3.758
26712	4.500
1288	4.085
91660	1.500
1187	3.500
7189	1.500
52973	3.396
33817	2.250
688	2.450
4522	5.000
1572	4.167
1570	2.500
115231	3.750
1754	3.808
37211	2.750
61348	0.500
459	3.500
1240	3.959
6261	4.000
66686	3.500
3435	4.156
1224	4.182
130980	4.500
6760	3.500
8544	3.500
8014	3.583
8012	4.375
8010	3.500
55110	3.750
4977	3.333
6571	4.000
7453	3.000
3325	3.000
7451	3.518
55118	3.711
4380	3.833
2191	0.500
100163	2.250
7459	4.750
8492	3.833
7697	3.500
1374	3.750
1341	4.000
156726	3.500
1219	4.253
107069	3.500
5523	1.800
66509	2.500
408	3.000
3835	2.833
1343	3.744
3831	3.500
4733	4.000
5101	5.000
4973	4.096
130522	5.000
3839	1.000
130351	4.000
1345	3.676
5994	3.500
4731	5.000
155392	4.000
5992	3.833
140152	4.000
1347	3.281
80693	4.000
4737	2.750
87975	3.000
5349	3.522
5662	4.250
2193	3.202
4735	2.000
82459	3.841
51277	4.500
378	3.250
1611	4.083
27867	4.000
91842	2.375
105715	2.000
5853	3.167
370	3.052
372	3.059
374	2.100
4171	4.000
376	3.426
96911	4.500
2526	3.000
69685	3.000
2315	3.000
81786	4.250
61236	4.250
116939	0.500
6531	1.000
65261	4.179
5282	3.167
392	2.667
6140	3.500
44671	3.000
82608	5.000
6650	4.100
27397	4.000
3790	4.000
6780	4.250
6782	4.000
4728	2.938
6786	3.750
2300	4.212
80727	3.250
159093	2.000
80590	2.000
4720	3.490
8117	2.750
5846	4.000
5857	1.000
5301	5.000
5732	4.500
5840	4.000
150548	4.167
4340	2.500
100714	3.833
96634	1.000
70663	3.500
963	3.000
7044	3.417
72294	4.000
3747	3.286
3745	3.304
3743	3.500
3741	3.885
1479	3.071
4621	2.643
4623	3.522
4625	2.250
242	3.750
4629	2.000
5969	2.000
70984	3.500
248	3.154
65465	3.000
2197	3.000
69746	2.500
117895	3.167
2272	3.700
2885	3.500
2278	3.562
5859	2.500
106417	3.000
95761	4.000
5202	2.000
4980	3.100
69458	3.500
39307	3.250
1145	3.000
1310	4.500
82527	4.167
1846	4.500
101025	2.500
4645	4.500
59846	3.500
2889	3.714
2458	3.000
99741	3.500
2454	3.679
2456	2.214
2450	1.792
78469	2.833
3770	3.333
56915	2.500
178	4.700
42677	4.500
176	3.778
174	2.250
172	2.573
94018	2.500
2650	5.000
2050	2.833
4531	1.250
2052	3.286
2054	2.743
2056	3.500
34162	3.548
2058	3.621
4537	4.250
4823	3.211
4821	4.333
7981	4.167
34018	3.000
8616	3.500
99273	2.500
6335	1.500
74115	2.000
7987	3.500
5604	4.000
98296	2.000
2968	3.570
202	3.000
72171	4.083
30867	4.000
70728	3.500
107412	5.000
87298	2.875
86721	3.000
88682	4.000
160080	1.000
53024	4.250
46723	3.562
3527	3.566
3525	3.400
108192	4.000
3521	3.909
147845	3.500
7352	4.000
1501	3.000
64338	2.500
3529	3.611
5002	2.750
7219	4.000
80363	3.125
2094	3.266
4654	1.750
7211	4.500
1064	3.000
45179	3.500
7215	4.000
98056	3.500
6216	3.700
6214	3.917
6212	2.643
3224	3.750
2696	3.600
2694	3.345
2692	4.200
6218	3.390
107999	3.500
6818	4.250
106642	3.800
108729	2.250
112940	2.250
62912	3.000
6810	2.333
4652	2.500
6814	3.000
6816	4.000
104879	3.400
80969	3.500
95165	3.000
7354	3.000
95167	3.577
86028	2.000
98836	2.000
1606	2.250
7325	2.500
7327	3.833
1969	2.688
7323	3.714
1965	3.688
4173	3.500
8371	3.200
1613	3.000
63276	3.750
5600	2.500
148626	3.600
206	3.600
118814	2.000
1363	3.357
25841	2.500
33750	4.000
8917	3.425
2872	3.812
2870	3.438
113275	3.500
2876	2.667
2874	4.500
2153	2.154
68901	3.500
8225	3.625
71745	3.000
2047	4.000
3354	2.267
27544	4.000
5462	1.667
91077	3.800
41571	3.318
73101	4.000
3358	3.750
25777	3.667
2997	3.956
132618	1.500
800	4.071
7068	3.250
94799	4.000
7064	3.857
66200	2.500
7062	3.500
7060	3.062
102165	2.000
96863	1.500
1769	2.611
137857	3.625
83603	3.500
8854	3.500
1767	3.000
6005	4.250
40226	5.000
8629	3.000
96373	4.000
6966	3.500
8157	3.688
100527	4.000
31116	3.750
7358	2.500
8623	3.462
144976	5.000
148888	3.000
769	3.000
336	3.000
5507	2.478
5505	3.583
5503	1.000
103384	2.167
691	3.357
74740	3.500
697	3.333
695	4.000
97923	3.333
26701	4.000
27876	3.000
1549	2.000
109850	2.500
7198	3.000
547	3.000
94959	3.712
72131	4.000
549	4.125
148956	4.000
89870	4.500
93855	4.500
1783	2.667
76210	3.500
77561	3.466
2386	3.000
90717	3.000
73664	3.000
34528	4.000
3886	3.167
27773	3.922
8531	2.700
8533	3.394
8535	3.500
3882	2.875
8188	4.333
133824	2.000
2649	5.000
2261	3.750
7444	2.853
26631	3.000
86190	3.000
5613	3.250
5611	3.333
5617	3.400
5615	1.500
415	2.833
48741	3.667
417	3.615
1389	1.792
413	2.308
49225	3.500
1385	3.000
7334	3.167
1387	3.778
1381	2.447
88950	0.500
3826	2.183
3824	2.300
145775	3.000
6467	4.000
1507	3.000
48268	4.000
27801	3.250
1947	3.989
7222	3.000
3183	3.500
65982	3.167
142488	3.833
8423	3.000
109074	4.000
72405	2.167
72407	2.000
2438	4.000
86345	4.250
86347	4.250
5608	4.083
4533	3.800
119145	3.654
119141	3.000
120635	1.000
120637	1.750
2403	3.472
115877	3.500
3088	4.263
26554	4.250
91505	1.000
66798	4.000
26736	4.000
369	3.056
25874	1.750
367	3.070
365	3.000
363	4.500
361	3.380
5008	3.688
55253	4.250
104374	4.033
40826	2.900
25737	0.500
74580	3.250
55259	2.500
5365	3.500
381	3.138
383	3.115
8807	3.636
25911	3.000
387	3.667
389	4.000
46967	2.750
62383	3.500
140523	2.500
2065	3.619
6779	3.750
45506	4.000
101142	3.125
8713	3.500
6777	3.944
4755	5.000
1174	3.000
6773	3.923
2733	2.333
5873	3.500
31549	4.000
3011	3.700
1077	4.051
114	3.000
5879	2.000
4054	3.357
134528	3.500
93693	4.000
3758	3.500
56869	5.000
7051	4.000
3905	4.500
135567	3.750
3071	4.227
3752	2.767
3754	2.167
121618	3.000
32078	3.000
4630	3.000
4274	2.500
4636	2.000
74452	2.833
53996	3.226
4638	2.484
74458	3.794
255	2.200
115174	3.500
139130	4.000
46062	3.500
2205	3.500
69757	3.756
3257	2.724
106916	3.375
140725	3.000
81191	3.000
116	4.750
52241	3.500
56908	4.000
82167	2.833
2429	3.000
110348	4.000
6513	3.000
91628	1.750
2421	2.574
2423	3.740
4984	1.000
2425	3.600
244	3.000
2427	3.347
5264	5.000
901	3.917
169	2.562
7844	4.000
7846	2.500
7840	3.833
8575	2.000
7842	3.200
6357	3.167
6355	3.750
139644	3.429
4528	2.000
3682	2.714
3680	3.833
3686	3.575
3684	3.889
6195	4.000
6197	3.500
2519	2.000
26464	3.000
2515	2.000
5466	1.000
2517	3.375
2511	4.000
5224	1.000
2513	3.028
2735	2.667
909	3.803
2731	3.893
67267	3.625
5297	4.000
90061	5.000
2430	3.800
2739	3.935
2643	2.208
48231	3.500
541	4.038
3534	2.938
3536	3.500
34164	4.250
5055	3.250
8577	4.000
4661	3.900
5051	3.250
5053	3.250
36553	3.000
7208	5.000
50445	3.500
183	5.000
4339	3.625
1819	5.000
72731	3.000
7204	0.500
79299	2.500
6223	2.833
105355	4.500
6227	2.500
53972	3.500
90249	3.000
102880	1.200
54997	4.000
54995	3.679
1413	3.500
112689	2.500
54999	3.875
5233	4.000
42730	3.000
7613	3.000
1152	3.000
3587	4.000
69436	1.000
1608	3.264
2166	3.688
67867	2.000
1978	2.500
1086	3.942
1600	2.125
1974	3.088
1972	2.600
6579	3.000
1970	2.600
62792	3.500
117121	3.000
802	3.326
8850	2.500
806	2.889
26581	2.000
45081	2.875
2434	3.750
2849	2.000
2847	3.667
25755	3.500
2845	0.500
2843	4.667
2841	3.795
5477	3.250
5475	4.500
27803	4.333
5471	3.000
3329	4.000
50160	4.000
64499	4.500
1259	4.094
46972	3.056
5479	3.071
5275	3.250
5277	2.000
1084	3.875
61357	4.250
1237	4.281
51086	3.100
2043	3.562
2610	3.500
5279	1.833
104129	2.000
4757	2.357
3972	3.545
46347	4.500
79590	2.500
2029	4.200
119068	2.000
59549	5.000
80839	5.000
113705	2.750
6999	3.500
8638	3.882
6995	1.000
301	5.000
6997	3.000
105351	1.500
1150	3.800
1190	2.100
6993	3.800
5518	4.500
47937	3.000
26732	4.000
65126	3.750
46970	3.059
3039	3.625
1082	3.688
1550	3.000
1552	3.263
1554	3.333
1556	1.652
3985	3.000
3035	4.412
82169	3.625
3037	4.167
50	4.371
3033	3.621
2669	3.333
534	4.200
532	3.250
2991	3.625
31747	0.500
76173	4.500
76175	1.667
86059	1.000
7343	1.500
68835	4.500
1976	2.167
26750	3.000
52281	3.667
2364	2.750
5093	2.167
32591	4.000
50872	3.983
27700	4.500
8528	3.338
27704	2.500
46976	3.663
27706	3.133
32797	4.500
8522	3.750
52	3.637
8526	2.333
8524	3.500
4690	2.250
112175	4.125
97860	3.000
97866	4.000
536	2.250
31150	3.750
92535	4.500
95965	4.500
1903	4.500
2809	1.500
428	3.717
89492	3.781
31101	4.000
1398	3.500
420	2.632
1394	3.950
111781	3.571
143377	3.500
68932	2.000
85399	1.000
3813	2.833
305	2.750
3811	3.944
50245	4.500
3453	3.000
3819	3.700
75813	3.167
108514	4.500
46974	2.000
26547	4.000
128592	1.000
146604	3.000
4692	3.000
44761	3.000
6425	1.000
34319	3.159
4298	3.750
6423	3.750
4294	3.500
4296	2.750
4290	3.000
4292	3.857
53974	2.750
62956	3.917
33592	2.500
8948	2.625
7541	3.250
538	3.900
135536	3.000
307	4.145
120392	2.500
2690	4.250
92665	2.500
63436	3.333
31408	4.250
61250	5.000
7260	5.000
1941	4.417
81562	3.630
81564	4.000
1840	2.875
65193	4.000
6162	2.000
6249	2.000
128846	5.000
6166	4.000
1165	1.500
4748	1.500
6768	3.750
94672	2.000
31963	3.500
4740	2.000
43333	4.000
4179	4.333
4744	2.100
4388	2.289
85056	2.667
5868	4.000
92751	4.000
96432	3.000
5866	5.000
65665	4.000
6201	3.500
25865	4.000
96610	3.500
96616	2.250
37277	1.000
84844	4.100
2638	3.000
98122	2.250
6254	4.100
94953	2.000
2971	4.100
98124	4.300
90870	0.500
2180	3.500
2041	3.333
2186	4.261
2184	3.688
31413	5.000
2188	2.633
1167	2.000
4603	2.167
6951	2.333
220	3.000
2212	4.000
5121	4.500
2210	4.000
6906	2.500
86884	4.000
86882	3.929
86880	2.650
101285	3.167
4911	3.000
6564	2.583
864	3.500
59369	3.468
51127	4.500
64622	3.250
6454	3.500
150	3.902
52913	4.000
152	3.833
97673	4.500
67429	4.000
156	3.955
158	2.871
2977	3.000
5602	3.875
1088	3.358
63072	3.375
52694	2.250
2757	3.857
78111	2.000
109487	4.151
93721	3.750
7831	3.667
6953	3.317
69784	2.375
7835	3.750
1442	2.500
4519	3.400
4988	3.000
6344	3.500
5936	3.000
5059	4.500
6348	2.000
65188	3.600
4511	2.500
5473	5.000
67788	3.000
6186	2.000
6184	4.100
6182	4.000
6180	2.000
2506	2.750
4041	3.455
2504	3.500
2063	1.000
2502	3.915
6188	3.500
2726	4.091
2724	2.811
2722	2.574
2975	4.000
2720	2.100
6001	4.000
105504	4.200
71530	3.071
96849	3.000
7235	4.000
7941	4.125
7943	4.125
5046	3.500
30883	2.000
5042	1.000
36533	2.500
26606	4.250
72720	3.500
1806	1.500
1804	3.000
3787	3.750
60471	2.500
4724	5.000
3318	3.000
3789	4.400
2089	3.542
31921	4.000
4995	3.952
80549	3.679
139855	2.000
6234	3.000
2160	3.736
81018	3.500
4971	3.500
6232	3.833
95963	3.500
108873	3.500
2269	2.700
93242	1.500
113453	2.333
26947	4.500
34153	4.000
99145	4.000
48682	5.000
7932	5.000
99149	3.333
7303	3.500
2140	3.679
8865	2.727
7307	4.000
8861	2.750
3251	3.850
6562	3.500
3255	3.447
1945	4.448
1022	3.564
111624	3.500
129737	2.000
5242	1.500
102378	1.500
813	2.667
1253	3.800
33558	3.000
5651	3.000
3495	4.000
82499	3.250
60293	3.375
2850	2.000
33880	2.700
31923	4.000
5620	3.091
85397	1.500
5460	3.875
7046	2.857
7040	3.500
129	3.000
7042	2.500
58315	2.250
27838	3.625
80831	3.250
1626	1.667
1701	3.500
78034	3.333
156609	3.750
1707	2.222
94777	3.192
136654	1.500
1624	4.000
108727	4.167
424	3.000
112450	2.000
4573	4.000
155820	1.000
3217	4.000
426	3.167
4188	3.750
37741	3.921
40723	3.000
32139	4.000
1129	3.312
60291	4.000
95543	3.000
309	5.000
1169	4.000
6986	4.100
2092	2.692
8607	3.833
893	4.667
1127	3.613
4490	3.000
79293	2.708
26729	4.375
83270	1.000
4722	4.333
66310	2.000
58559	4.236
44633	4.000
5325	4.000
3028	2.750
2982	5.000
3024	3.667
3086	4.000
3022	4.250
3020	3.613
89427	1.500
144620	4.000
527	4.303
1019	3.662
5963	3.500
32562	4.000
34326	4.500
99220	3.000
1017	3.265
2755	3.500
1011	3.611
1013	3.381
1235	3.784
303	3.188
1231	3.911
54328	5.000
67957	3.750
66130	2.500
4195	4.000
31000	2.500
110771	2.000
27713	4.000
6405	4.500
5673	3.521
4359	3.250
5677	3.000
5679	3.427
3310	4.438
4357	3.857
3167	4.438
4351	3.382
4353	4.000
25971	3.750
118702	2.500
30850	4.500
6502	3.808
62644	3.250
158528	3.500
6506	4.000
161155	0.500
129191	4.000
72641	3.895
72647	4.500
2704	3.667
2487	3.000
437	2.750
435	2.464
433	2.857
431	3.672
138698	4.500
4902	3.000
741	4.148
3613	3.000
3804	3.500
3806	2.667
3800	2.000
3802	2.500
8463	2.500
6337	3.833
7572	3.500
473	1.000
3165	5.000
4854	2.000
41573	5.000
2481	3.750
83359	5.000
6436	3.583
8191	4.000
8197	3.667
8195	2.833
2162	2.667
5705	3.250
5707	3.100
87430	2.400
5703	3.000
111486	2.000
101283	2.500
91529	3.688
39381	3.000
1437	3.500
72386	3.750
6771	1.000
133419	2.917
79091	3.719
51077	2.286
90863	4.500
31956	2.500
3314	2.500
4775	1.000
3163	3.714
31952	3.667
4771	4.000
32582	4.000
74698	2.000
4131	4.000
4175	3.000
5356	0.500
4177	3.667
98607	3.750
115927	4.000
6753	3.400
64839	3.971
6757	4.000
6755	3.278
100581	2.333
5718	3.000
4469	4.000
109249	5.000
343	3.000
2243	3.944
5815	1.000
128606	4.500
47122	4.000
4889	3.643
103502	1.500
25962	4.000
7172	4.000
32728	3.000
3316	2.227
6429	3.500
3161	3.000
4618	2.900
32296	2.167
239	2.933
6898	4.000
235	3.904
237	3.191
231	3.111
112421	4.167
233	4.269
77907	4.500
42725	3.500
56782	4.154
1963	4.150
66785	4.000
42011	2.250
5062	5.000
5699	4.000
139116	5.000
7178	3.500
5927	2.500
56274	4.000
2627	5.000
43836	2.125
43838	3.500
3619	3.000
82378	2.750
6238	2.833
95510	3.325
145	3.279
49526	3.000
49528	2.250
87232	3.982
5354	3.250
132	2.875
4500	4.500
4502	1.167
7822	3.500
54771	3.000
7820	4.000
7826	4.000
5352	1.000
5965	3.000
64497	2.500
3400	2.000
68954	3.943
2083	3.643
94780	2.000
106839	3.500
2087	3.632
7266	3.250
2085	3.378
2539	3.245
140761	5.000
90469	2.333
2533	2.731
2531	2.667
4216	3.833
2537	2.000
2535	2.667
53318	3.900
46530	2.615
2717	2.756
2715	2.667
70599	2.500
76	3.333
2719	2.190
2524	3.400
5329	3.833
3347	4.083
130	4.500
8984	2.912
3057	3.500
8986	4.000
8982	3.500
5073	3.500
5071	5.000
8988	4.000
2917	4.250
5075	4.000
4186	3.600
1833	2.727
1831	2.135
3798	3.077
1835	3.391
127124	4.000
3794	3.400
1839	2.250
349	3.787
112850	2.500
3792	4.333
2155	3.300
938	3.818
53956	3.643
2401	3.643
47124	2.750
90603	2.500
930	4.119
2159	3.125
934	3.583
3716	3.500
118997	2.625
5383	4.000
5385	3.750
5387	3.300
5389	3.167
92210	5.000
26480	3.000
112911	2.750
3055	3.500
152081	4.000
1954	3.790
1956	3.887
1950	3.909
1952	4.064
58146	0.500
74438	2.000
1958	3.868
1826	0.750
8870	3.100
3248	2.367
8874	3.871
5246	1.500
106062	3.000
87483	2.000
3240	2.500
6812	2.500
3246	3.966
3244	3.607
70201	3.500
70751	2.500
2713	2.238
828	3.375
7448	0.500
824	3.000
6582	3.167
44204	3.800
85	4.062
820	5.000
39398	3.000
26840	3.500
26842	4.000
71156	3.625
6977	3.250
71404	4.000
102396	3.500
1482	3.000
1480	3.583
1484	3.833
3307	4.000
54331	3.750
68952	3.500
27821	3.107
3301	3.212
107447	5.000
2285	3.333
115664	4.500
5255	2.375
5628	3.400
1992	2.000
3239	4.000
798	3.417
68486	4.000
106204	3.000
2799	1.750
33312	4.000
115569	3.962
102194	3.700
58191	4.250
31930	4.000
4979	3.754
44840	3.500
1273	3.737
77291	5.000
3051	3.182
142422	4.000
1132	3.656
1130	3.750
1136	4.224
3989	4.100
31035	3.250
106473	3.500
5945	3.250
25906	2.500
6056	4.000
6252	1.875
142536	2.000
7787	4.500
77307	3.667
7570	3.500
4252	5.000
4067	1.667
3019	3.833
7149	3.208
126006	3.500
3013	2.500
224	3.600
7147	3.827
3017	3.100
7143	3.644
518	2.136
95307	2.600
1699	3.667
40851	2.875
130087	3.500
510	2.300
512	3.500
514	3.647
516	2.923
1226	3.577
7921	3.000
8502	3.500
8016	2.250
1222	4.034
7583	3.500
1220	3.894
4180	4.000
628	3.880
148372	5.000
4184	3.833
1228	4.350
142192	3.500
6537	3.000
64114	4.500
6535	2.167
2751	3.500
6533	3.600
44613	3.500
27728	4.333
109317	2.500
5668	3.600
54768	0.500
27722	2.500
6539	3.855
96726	1.500
2883	3.625
140763	5.000
2881	3.093
110858	1.500
2887	2.500
92058	2.000
7493	3.800
44972	2.875
44974	3.833
6584	2.833
30803	3.833
8614	2.625
2	3.402
47254	3.750
3099	2.611
3664	3.000
77800	3.600
8618	3.667
3879	5.000
7376	2.333
439	1.000
32469	4.000
27441	3.000
3871	3.950
3873	3.773
3875	2.500
2678	1.667
3877	2.800
39444	3.167
1286	3.639
89102	2.000
30825	3.320
82095	1.375
5622	4.500
10	3.451
12	2.861
73587	4.750
109483	3.000
16	3.949
26662	3.833
73808	4.500
3718	3.000
5712	3.500
7569	3.727
130083	2.000
103339	2.000
2959	4.178
105731	3.500
82093	1.500
91886	4.000
103335	3.375
103801	2.500
54256	4.000
3901	2.500
3158	3.500
3903	3.333
117192	4.750
3271	3.367
55031	4.500
59037	2.500
6744	3.250
77798	2.500
74685	3.167
4766	4.000
4768	2.750
97936	3.000
6748	3.000
4166	3.250
64501	4.500
1105	1.750
4162	1.000
7318	3.042
929	3.800
69526	2.625
136562	2.500
69524	3.750
4168	3.167
32025	4.000
5808	2.000
73929	2.375
100226	1.500
48738	4.033
103249	2.688
3303	1.000
200	4.000
75349	2.500
204	3.000
3475	4.125
208	2.752
4717	5.000
94494	2.500
679	4.000
98126	5.000
55684	3.000
7059	3.500
831	3.500
96728	4.000
73323	3.500
73321	3.588
4197	4.000
2250	3.200
837	3.667
2238	3.333
8645	3.676
33688	1.000
2182	4.000
2232	4.119
888	3.667
25920	3.500
3662	3.000
2236	2.562
31374	2.250
51925	2.750
65685	3.000
116977	2.667
3190	1.000
6935	3.833
5938	2.250
7817	3.500
1631	3.500
3576	4.000
3499	3.878
3497	3.000
228	2.000
59022	2.917
3491	4.000
4571	3.462
2096	3.700
4322	3.654
2090	3.679
4577	4.000
3655	4.500
3657	4.500
2098	2.000
3653	4.100
162376	4.500
4098	3.000
117176	3.667
2520	3.367
2522	2.409
26079	4.000
8388	4.000
2528	3.304
25795	4.000
222	3.932
34359	3.500
69306	2.389
48262	3.750
133365	2.000
31770	3.000
26271	4.000
7811	3.750
43177	1.000
85261	2.500
45186	3.310
27922	4.000
3064	2.667
5060	3.746
58025	2.273
4881	3.650
2706	3.297
140237	2.000
2700	3.500
2702	2.881
50685	3.500
3091	4.100
140741	5.000
36517	3.444
116397	3.750
56885	3.000
4409	2.400
2951	3.895
47287	3.500
1824	3.000
4407	4.500
4401	4.000
67799	2.500
4403	3.000
2410	3.071
133295	2.500
2144	3.826
2414	3.333
2416	2.714
2418	3.500
6250	2.333
6256	3.500
499	3.000
42004	4.400
84152	3.816
6764	3.250
4155	3.000
58975	2.500
39183	3.621
4326	4.091
42002	2.833
6100	2.500
1921	3.737
3275	3.523
1925	4.250
160565	2.000
1929	2.857
82534	3.000
57640	3.306
48660	1.000
7369	2.250
2953	2.468
3477	3.550
8609	4.500
3471	3.903
835	3.167
4836	3.000
7361	4.123
1602	1.000
839	3.273
3479	3.476
7367	2.500
1365	3.600
58803	3.806
33158	1.000
6829	4.000
155611	4.000
33154	3.643
160563	2.500
3068	4.029
70762	5.000
671	4.030
51709	4.000
70946	0.500
102033	3.000
47810	1.000
49265	4.000
85412	3.625
67087	3.889
4681	3.611
70418	3.000
3880	4.000
7022	3.769
9004	3.500
7026	2.000
9000	3.500
53435	3.167
7028	4.000
1987	2.500
5480	3.100
95875	2.722
785	3.333
157200	1.500
781	3.750
1729	3.693
6591	3.833
1727	3.000
68659	3.375
136816	2.500
26622	3.500
1721	3.332
95873	3.833
91947	3.500
37729	3.738
25898	3.500
4711	5.000
101962	5.000
64620	3.850
37727	2.455
4159	2.250
122932	2.000
3330	3.929
95949	3.500
468	3.303
26587	4.400
94931	4.500
7024	4.000
1042	3.490
76030	2.750
4386	1.333
3004	2.615
3006	3.867
3000	4.132
27850	3.300
7790	4.000
6474	2.000
2368	2.667
3008	3.500
154	3.812
6300	2.000
71899	3.900
6593	2.429
4324	3.000
7158	3.300
7156	4.000
1581	2.000
1587	3.333
7150	2.300
129937	1.750
25744	4.500
79185	2.812
2432	3.900
507	3.500
1031	3.500
1037	2.833
1035	3.944
3145	3.167
631	3.250
633	4.000
66934	3.625
637	2.759
108709	5.000
639	3.200
927	4.500
31026	4.500
74089	5.000
2436	3.500
7484	3.833
57910	2.500
7482	4.000
251	3.000
27731	3.667
4371	2.000
6302	1.000
115617	4.095
6595	2.450
72380	3.500
2898	3.500
25999	4.500
2894	2.000
783	3.357
2890	3.739
83322	4.000
2892	2.667
8661	3.250
61634	3.500
1457	3.050
8665	3.791
8667	2.750
113532	3.500
31156	3.000
3334	3.781
143472	1.500
114265	3.500
1459	3.050
3097	3.708
4830	3.500
4081	3.000
32825	4.250
4085	3.676
118696	3.100
4089	3.000
5710	2.500
102800	3.625
32456	3.000
53138	4.000
3864	2.125
1981	2.333
48877	2.857
66596	1.500
1895	3.071
8403	2.000
5947	3.750
4993	4.183
149612	2.000
5729	2.500
6225	3.000
31547	4.500
6414	3.500
6416	3.500
6410	3.000
6412	3.750
7774	3.500
115170	3.167
3934	4.000
680	3.917
27812	4.500
3916	3.859
3914	3.333
4241	2.500
3910	3.804
60990	0.500
3918	3.000
6731	3.250
128620	5.000
6735	3.250
52975	3.778
4795	3.500
130450	1.500
7897	3.000
321	3.643
3693	3.100
7701	1.667
149830	3.000
4153	2.833
152025	2.500
4151	4.500
5833	3.000
4030	3.125
26462	3.000
4696	4.750
5839	4.000
96281	3.000
3338	1.000
73488	2.500
21	3.537
4698	4.000
4751	4.000
124859	2.000
4810	4.000
105197	4.375
4034	3.911
217	2.714
215	3.722
213	4.222
5633	4.500
66066	0.500
4036	3.100
71732	2.833
96667	2.500
219	4.250
80736	1.500
2139	3.222
6832	3.125
74416	4.250
4713	3.200
51174	4.000
6245	3.250
161944	5.000
6645	3.000
104590	4.000
5516	1.000
6641	3.667
79132	4.050
6643	4.250
5903	3.729
25771	3.350
4	2.385
1040	4.000
5909	2.500
26116	3.000
7802	4.200
981	1.000
4139	2.000
3480	3.714
86817	5.000
3484	2.636
5941	2.000
3987	2.950
2474	3.824
4566	3.500
70159	4.000
56069	2.500
3646	1.875
60516	2.500
74	3.026
98083	2.500
2551	3.750
2553	4.400
101531	1.750
2555	0.875
2557	3.167
26084	3.750
26086	4.000
6395	2.667
26242	4.000
6638	3.125
2395	3.963
5448	2.500
2393	3.471
3075	3.500
2391	3.758
2500	2.167
2399	2.250
2779	3.643
5013	3.362
121126	5.000
2728	3.921
5017	4.667
40574	3.000
2771	2.000
4890	2.761
92966	4.000
4896	3.657
3709	2.667
58047	3.917
102684	4.000
69	3.818
72	3.167
7976	3.833
93831	2.333
46855	3.500
1859	5.000
45517	3.160
6263	2.900
921	3.900
73042	2.250
4414	3.500
130960	3.500
1855	2.400
51091	4.000
4410	4.000
2173	3.500
36289	2.000
2177	4.250
4968	2.750
3941	4.000
914	3.647
66297	3.583
916	4.019
910	3.947
4333	3.000
912	4.235
2605	3.146
2607	3.667
7983	3.375
5433	2.750
105429	4.000
329	3.351
1932	2.750
3262	3.292
103755	2.500
3264	2.867
70	3.021
3266	3.250
3268	1.800
5127	2.667
49278	3.462
3466	3.400
844	3.000
8137	2.000
3462	4.359
4568	4.000
98913	4.000
71318	2.500
92234	2.500
8892	4.000
99846	3.000
3468	4.109
109359	4.000
1406	3.250
118890	5.000
84392	3.500
923	4.200
1428	5.000
2490	3.562
49274	2.167
33145	3.500
142068	5.000
50005	2.250
3460	3.000
7154	3.438
932	3.594
8777	0.500
2377	2.500
44004	2.917
5048	2.300
109740	3.000
74324	4.167
59684	5.000
120783	2.500
2407	3.209
121113	1.000
3189	3.389
80185	3.000
7099	4.100
113862	3.833
100390	1.500
37240	3.750
23	3.091
7217	3.750
146682	3.500
5309	2.812
31435	4.750
7316	2.667
1732	3.996
1734	3.846
5237	2.750
3945	4.000
84615	3.000
5040	3.500
81898	0.500
6788	2.250
5949	3.833
3703	3.793
750	4.210
756	3.000
140749	5.000
3783	3.929
109742	4.500
78041	2.750
72308	4.000
6247	4.000
6887	3.000
6885	1.000
6883	4.500
6881	3.550
3079	3.929
59501	3.200
54001	3.750
7888	3.500
6889	2.400
73211	3.750
1024	3.250
505	2.714
1020	3.328
5343	3.000
7163	2.950
7161	2.571
3947	5.000
1028	3.814
7165	3.500
3136	3.000
390	4.100
142240	5.000
89904	3.833
2609	3.500
606	2.750
600	4.000
994	4.250
34072	3.889
6498	2.000
47610	3.727
1206	4.000
1200	3.924
1202	3.643
97826	5.000
72209	2.750
30818	2.500
95147	3.500
30816	3.812
30810	3.569
30812	3.618
27416	4.000
111921	3.917
6047	3.500
77866	2.750
3105	3.842
39446	3.250
58306	3.167
3101	3.673
49272	3.877
3103	3.000
8672	3.500
1112	3.667
1114	3.167
97994	3.500
1440	3.000
3707	3.050
47274	4.000
101076	2.500
68848	3.500
4092	2.500
996	3.250
466	3.169
2759	3.068
91976	2.000
8636	3.625
91974	2.667
55442	4.000
5404	3.500
91978	4.500
47728	5.000
55444	2.000
4951	2.643
5734	2.500
6669	4.750
5231	4.000
488	3.125
54270	1.500
486	2.500
7372	3.000
484	2.750
482	2.850
480	3.706
79251	2.750
2009	3.471
787	4.500
3327	3.000
7585	2.000
63515	3.500
7587	4.000
84154	4.000
6465	4.500
6230	3.500
79224	2.250
107348	2.722
3705	2.722
77455	3.917
59945	3.000
4999	4.000
70188	2.500
27768	3.500
110748	2.500
4300	2.500
3923	4.000
107649	5.000
2302	3.553
7916	3.500
73015	2.375
73017	3.875
3929	3.944
2304	4.250
6722	3.750
130580	3.500
26471	2.000
6636	3.750
6724	3.917
8267	3.500
2306	2.800
4782	2.500
71668	2.000
5820	3.833
5655	3.500
4148	3.061
5826	4.000
4144	4.000
4146	2.500
104211	3.000
4142	2.500
3857	2.125
2120	3.167
14	3.452
992	2.500
6957	3.500
3859	3.750
7914	4.000
8591	3.500
26338	3.000
96490	2.000
25856	4.000
98933	5.000
116823	2.900
8362	2.500
2661	3.500
5303	2.850
8261	5.000
139415	3.000
90524	2.000
6092	2.000
6096	3.000
83177	2.000
89300	3.500
6658	2.400
138258	3.000
619	2.125
74795	3.214
8823	3.000
5918	3.000
89203	4.000
3673	3.500
5914	4.250
52885	4.091
5910	1.000
99415	2.000
2227	4.000
56757	3.316
58904	3.500
97639	3.500
7620	4.000
198	3.442
65577	1.500
194	4.292
196	2.809
190	3.833
81834	3.924
1044	3.000
80615	2.000
8263	3.500
3679	4.625
6380	4.045
152173	3.000
4557	3.333
3671	3.935
4553	4.167
3675	3.545
90430	4.250
2540	3.100
2546	2.375
1455	5.000
2548	1.125
26093	3.500
18	3.288
2380	1.833
31903	5.000
135532	2.500
2384	3.117
56333	3.750
2409	3.471
56339	3.875
1103	3.938
3581	4.000
5000	3.500
8366	3.333
108932	4.077
26776	3.917
2762	4.018
27904	3.393
2766	4.000
2764	4.167
52528	4.000
1949	3.600
5428	3.000
2382	1.808
93840	3.654
45942	4.000
2287	3.500
2007	2.000
3552	3.426
903	4.225
1516	4.000
85025	2.750
6276	3.000
7305	2.500
4427	4.278
998	3.667
1844	4.000
3677	4.312
42738	3.167
26172	4.000
246	4.041
106873	3.500
2168	3.375
1943	3.333
2164	1.000
42732	3.250
4957	4.000
42734	3.500
240	3.400
2616	2.630
3253	3.392
2612	3.778
8360	3.574
7095	2.500
57792	3.500
4627	2.667
6322	2.833
2618	3.500
7347	3.167
3868	3.871
3299	2.250
1909	3.223
1907	3.607
5134	3.500
48394	3.673
7349	4.500
3002	3.750
56607	4.250
3451	3.667
3457	3.833
99112	2.938
78218	3.500
3459	4.000
75440	4.500
68536	4.000
88954	1.500
6	3.885
138696	5.000
41997	3.688
6827	2.500
85788	3.500
70344	3.500
58351	4.167
3860	3.000
81537	2.800
80219	4.000
112818	2.500
3309	4.250
33358	4.000
6706	2.000
1730	3.900
27878	3.786
7008	2.900
44301	4.000
2276	3.000
45382	3.000
7000	2.900
7002	4.500
8290	0.500
7004	2.885
4915	3.000
32898	4.333
40833	2.500
5079	3.000
5222	3.583
5220	2.600
5226	3.500
7460	3.143
8935	1.000
8937	4.375
3738	3.600
2108	3.692
84374	2.938
70898	4.500
135518	2.833
72683	4.000
71057	3.417
4544	2.000
743	2.682
745	4.194
78544	4.000
99615	4.000
67197	2.714
67193	2.667
3062	4.091
3060	3.929
6629	3.500
3066	3.350
2948	3.641
2946	3.545
617	1.000
2944	3.671
91688	1.500
2942	3.217
50742	4.500
2940	3.688
100556	4.125
94939	4.500
38038	3.750
1055	2.000
1057	3.824
1059	3.526
27478	2.667
32632	4.000
31109	3.000
79259	2.500
2207	4.000
1693	3.660
26585	3.500
85179	4.000
32298	3.500
69908	4.000
79163	4.000
4546	3.800
2379	2.421
142507	3.000
31284	3.500
89047	3.500
4317	2.800
613	3.500
611	3.000
1275	3.429
615	3.500
86626	4.000
140880	4.000
55071	3.000
26655	4.500
43908	3.500
104312	3.000
2856	3.400
8795	2.500
63179	4.500
7574	5.000
45728	3.500
5288	4.000
4816	3.228
3118	3.500
3116	4.000
3114	3.844
3734	3.625
3112	5.000
3110	3.667
1473	2.000
8872	3.500
144714	1.500
5723	4.000
132496	3.500
47261	3.000
115149	3.450
8643	3.500
8641	3.515
1305	4.292
1307	3.920
1301	3.833
39941	4.000
1303	3.933
2005	3.676
27834	4.500
30898	3.333
132157	2.000
2597	2.000
5745	4.000
106471	5.000
5747	3.714
495	3.812
72696	1.500
497	3.983
491	3.286
493	3.304
6690	3.500
25	3.743
27	3.143
27685	1.000
5581	2.500
27689	1.000
103137	3.000
6470	3.000
29	4.025
7048	4.000
92498	2.500
67997	4.100
8625	3.000
76272	3.500
73572	3.000
112852	3.986
92494	5.000
4076	5.000
92496	2.500
4610	3.000
32892	4.000
86864	4.000
907	4.091
3938	4.000
5266	3.217
55451	4.200
1079	3.972
3936	3.000
3930	3.400
3932	3.250
69805	3.250
1703	2.600
8337	3.667
7738	3.750
6713	3.833
6711	3.818
105593	4.000
107953	3.000
6762	4.000
51372	1.750
127096	2.500
127098	4.000
4133	3.333
4135	3.500
96467	4.250
5693	3.136
5691	2.500
3844	3.600
3846	3.000
59143	3.000
3848	4.000
87876	1.500
8670	4.500
90890	1.500
8933	4.667
156607	1.250
98809	3.520
127164	4.500
136445	5.000
99468	2.500
61465	0.500
112788	1.250
5307	3.000
47894	2.000
4045	2.000
4047	3.500
26318	4.500
4043	3.500
6663	3.688
62437	3.833
114762	1.500
6665	3.500
69481	4.135
59141	3.500
61289	2.500
5961	3.500
25753	3.500
96007	3.500
43744	4.000
2289	4.205
69069	3.667
99574	3.000
3660	3.500
3699	3.455
86833	3.438
50740	4.500
96737	3.200
3668	3.385
68884	0.500
86835	2.000
64990	3.000
3983	4.250
74508	4.000
4920	4.250
64695	3.000
3921	2.500
99912	2.500
2579	3.500
2577	3.000
2575	3.722
64983	3.357
2571	4.183
1053	2.000
26228	4.000
82934	3.000
8504	4.500
43904	2.500
81229	4.028
72043	2.500
2375	2.705
52319	4.000
2371	3.375
2373	2.583
3590	2.833
109191	1.500
3596	1.000
3594	3.750
42163	4.250
3598	3.833
48817	3.500
114180	2.857
444	3.000
3695	2.500
1875	3.000
88879	2.500
1873	3.654
4432	3.786
3697	2.868
3927	3.600
4438	4.000
106332	3.667
976	3.000
4319	3.000
113064	3.750
2599	4.044
972	2.500
970	3.500
2586	4.000
596	3.583
6281	3.411
6283	3.688
2119	3.000
58029	4.000
181	1.800
6856	3.500
187	2.833
112577	5.000
185	3.103
2111	3.308
2113	3.000
4559	1.000
2115	3.765
7075	4.500
2117	3.923
34364	3.000
1123	4.000
6148	3.000
96861	2.375
2625	4.000
62376	3.750
25764	4.500
62374	3.900
103210	3.500
1125	3.411
1918	3.060
5109	3.500
102792	1.000
6476	3.000
42723	2.625
3925	3.875
3286	2.167
1912	3.759
1914	3.654
5105	3.750
78209	3.062
42721	1.000
3448	3.660
3141	3.625
3444	2.875
106022	4.000
61	3.571
3440	1.600
866	3.870
905	4.380
2025	2.885
2027	2.188
2067	3.659
2021	3.083
2023	3.400
36931	5.000
86781	4.000
85342	4.100
30892	3.500
46578	3.908
882	2.667
880	2.380
886	1.500
80572	2.500
53460	2.750
160440	1.500
27869	3.000
33615	3.286
98458	2.000
53468	3.833
62718	4.500
2621	3.375
129009	4.000
140743	5.000
3640	3.250
4014	3.778
88024	2.500
5219	3.000
132074	4.000
8946	2.500
2827	2.409
95583	2.750
3729	4.333
356	4.054
63	2.833
6872	0.500
62378	3.000
6852	4.125
4591	5.000
115624	3.000
112623	3.500
42718	3.750
4555	2.000
73860	3.000
8920	3.500
7895	3.500
136447	5.000
5244	5.000
68194	3.750
8928	3.500
3129	4.000
2629	3.500
5415	3.417
32515	5.000
4928	4.000
160718	4.000
2492	3.100
7101	3.000
2988	4.000
6869	4.125
7107	3.333
33903	4.250
6867	3.577
3053	2.800
6863	3.529
27186	4.500
62394	1.333
5361	3.500
65	2.025
1046	3.875
107771	3.500
83829	4.500
266	3.486
65135	3.250
1680	3.692
1682	3.887
1684	3.400
1686	3.600
1688	3.682
61160	2.667
40817	2.500
57453	3.000
40815	3.881
8254	5.000
34405	3.788
1268	3.471
2221	4.000
4306	3.848
114601	2.750
668	4.000
1262	3.949
1260	4.262
1266	3.886
2986	2.763
89678	3.500
140745	5.000
5103	3.881
3095	4.065
2984	5.000
8753	4.000
8784	3.629
2786	2.500
3284	3.500
7619	3.833
58432	3.000
77846	4.125
211	3.333
89072	3.500
3127	2.833
5107	3.500
94896	3.500
1468	2.333
4384	4.167
1464	3.700
48385	3.273
1460	3.333
521	3.600
66019	2.500
5152	3.750
1312	5.000
77206	2.500
6850	3.167
523	3.333
5028	4.500
51884	3.000
6447	4.500
44587	4.000
132146	3.000
3976	4.000
1015	3.261
4236	3.500
3727	3.500
4234	3.167
4232	2.786
6449	4.000
142448	3.500
4674	1.000
27674	3.750
563	3.000
127319	1.500
55156	4.000
5097	3.750
529	3.933
106491	2.667
79824	4.000
129250	0.500
990	2.500
49	4.000
77837	4.000
3949	3.870
318	4.487
6384	3.500
312	3.600
98230	3.500
3943	4.000
316	3.369
314	3.941
6708	3.750
138546	1.500
448	3.591
1433	3.000
72762	2.500
43919	1.600
3442	2.500
136016	4.500
3402	4.000
4128	3.925
89090	1.500
4265	0.833
63876	3.636
4122	4.000
1233	4.167
46574	0.500
4126	2.833
4124	1.667
27788	3.214
7437	3.000
1619	3.447
88785	2.667
5684	2.000
5686	3.600
27784	2.000
5682	3.750
160567	4.000
36708	3.812
6386	3.500
2328	3.500
2322	3.000
77808	2.500
100017	3.000
84187	3.750
4218	4.000
3909	5.000
4704	3.500
7192	2.000
3840	4.000
4191	3.667
4366	3.333
6678	2.333
3404	3.083
93422	4.000
3273	2.815
93040	4.667
36397	1.500
93512	3.375
93510	4.000
130490	2.333
4605	1.000
4700	3.139
26303	2.500
86332	3.357
1617	4.120
59273	5.000
160590	5.000
4562	3.000
43560	3.750
5970	3.600
32395	3.000
5675	3.000
3611	3.000
101070	3.000
5299	3.363
3615	3.038
3617	3.081
56775	3.357
5585	1.000
2290	3.250
4861	4.500
2296	2.562
136018	3.500
2294	3.274
130634	2.250
3855	3.750
53464	1.938
3121	3.500
4355	2.500
4360	3.000
25788	3.500
27816	2.500
101850	5.000
2568	1.583
88125	4.221
59387	3.955
25773	4.000
2560	3.000
2562	5.000
1615	3.650
88129	3.900
27322	3.500
4560	3.000
5901	2.500
43917	3.000
52328	3.409
2366	3.935
26231	3.833
95752	4.500
2362	2.750
1244	3.963
2360	3.364
95473	3.500
7293	3.276
2582	3.125
95475	4.500
134393	3.700
5022	4.000
7196	3.000
5026	2.900
4441	2.333
4443	4.125
32371	3.500
1864	3.000
3408	3.553
4447	2.989
3725	3.125
4405	4.500
8957	3.273
3721	1.750
3723	3.900
965	3.844
1051	3.000
4933	3.000
88235	4.000
85131	2.312
63629	4.000
6298	0.500
40491	4.500
6296	3.524
6294	2.875
969	4.420
6290	2.750
709	2.875
53123	3.864
26125	3.500
69720	1.500
53125	3.273
2102	4.286
26695	3.500
2100	3.163
5444	3.881
2106	3.650
1660	3.000
2104	3.667
2320	2.750
5114	4.600
30	4.050
41285	3.500
635	3.857
63540	0.500
2634	3.667
49957	4.500
2630	3.500
36	3.938
5464	3.395
48518	3.000
37477	2.500
7071	3.250
37475	4.000
46965	2.750
34	3.601
5459	3.071
3439	2.500
118898	4.000
94070	3.500
26013	2.500
879	3.300
3431	2.500
4564	2.688
44709	3.833
84772	2.812
3437	5.000
6728	2.500
4593	2.000
2034	3.222
2032	3.000
91273	1.500
2746	3.578
5293	3.200
2748	2.700
37736	3.000
2038	3.562
891	2.222
113345	1.500
61401	3.000
108981	4.000
897	3.625
899	4.195
1246	3.784
112290	3.357
5248	1.250
54780	2.500
1248	4.237
5208	4.000
5198	4.000
3545	3.750
3547	3.375
71211	3.056
89045	4.500
3543	3.977
8720	2.500
83506	4.000
3549	3.417
66659	0.500
45726	2.500
8911	2.500
5291	3.969
45722	3.415
99437	3.000
45720	3.143
6603	3.000
54276	3.667
122886	3.517
54272	3.338
122882	3.790
2964	3.125
2966	3.579
106330	1.750
48198	3.000
2962	3.625
4368	2.000
761	3.111
767	4.000
1910	4.000
765	2.806
3048	3.500
7110	3.000
54290	0.500
2256	4.000
60514	2.750
3040	3.417
3042	2.333
3044	3.875
3046	2.667
325	3.000
45928	3.500
78829	3.000
95105	1.750
707	3.111
5378	3.104
68237	4.125
27410	4.000
4632	5.000
1073	3.753
5372	3.500
97817	4.000
4010	3.227
100745	2.250
65638	4.000
1671	3.500
89470	3.500
1673	3.919
1095	3.870
1097	3.769
1091	2.630
1093	3.111
4337	3.000
1099	3.545
673	2.680
3134	4.208
4649	2.750
3130	2.542
89085	4.500
59392	5.000
47092	4.500
37857	4.333
3138	3.000
7990	3.000
37853	3.250
31660	4.000
58425	4.500
129313	5.000
89881	4.000
66246	2.500
7248	3.000
50658	4.375
1419	3.600
98795	4.000
1284	3.984
26147	4.500
64969	3.154
1411	4.160
117107	2.500
68444	3.000
1415	3.500
1417	2.000
1323	2.250
1321	3.632
1327	3.115
3963	3.438
27724	5.000
66808	1.000
4106	3.000
2146	3.167
88932	1.000
6450	2.833
4302	5.000
6452	3.900
6902	3.833
4108	4.000
7792	3.333
6458	3.000
75341	2.250
8689	4.000
8131	4.167
8133	1.500
56805	3.750
5569	3.000
4445	1.750
2397	3.500
5561	4.000
26435	2.500
1525	1.500
1527	3.678
5398	4.250
111622	3.700
1251	3.825
25805	3.833
25807	3.000
25801	5.000
86293	2.750
3822	1.750
74630	3.000
1916	3.679
108583	4.167
460	2.500
3952	4.000
3950	3.667
3956	2.000
55721	3.875
4117	3.583
6306	4.000
4115	3.000
4111	3.833
25937	2.833
26422	5.000
6432	3.500
4634	3.000
89087	2.333
116799	2.167
851	3.000
2858	4.236
5187	4.000
87522	2.750
87520	2.722
60343	2.500
119655	1.000
38304	4.167
2979	2.000
69559	4.000
27793	1.750
46561	3.000
648	3.533
3820	1.000
72489	2.800
3350	3.750
26509	4.500
27005	3.500
50641	4.750
127052	5.000
6427	4.000
117851	1.500
82150	3.500
4898	3.125
8722	1.000
2973	4.179
6609	3.250
56801	1.875
82152	3.500
3341	3.750
5015	3.278
3204	3.857
4063	3.000
4061	3.200
5943	2.533
84954	3.292
4069	2.481
77435	5.000
5785	3.318
7411	2.000
50601	2.625
6063	4.250
78	3.200
25940	2.500
60950	3.208
3602	2.000
3600	3.250
45210	3.750
3606	4.111
3604	3.800
3608	3.259
2775	3.000
4487	2.000
3109	4.000
95088	4.167
1101	3.324
2074	4.000
5367	4.167
1563	5.000
97752	3.429
140747	5.000
60037	2.333
6115	2.833
3851	5.000
88118	4.000
90405	3.389
26208	4.000
5039	2.000
55895	3.500
2359	4.133
43928	2.143
2353	3.478
2351	3.857
2357	4.318
2355	3.610
7309	4.000
7282	0.500
5440	4.500
1488	3.000
7934	3.583
7394	3.000
7936	4.500
7938	3.500
112	3.296
143410	2.000
5446	4.250
126420	1.500
4452	2.600
4450	4.000
8610	3.417
71433	4.500
4454	4.000
3736	3.643
4458	3.750
3833	3.167
3732	3.333
3730	4.304
2137	3.800
2135	3.000
2133	3.114
141	3.581
2131	4.500
950	4.206
952	3.357
954	4.226
956	3.167
40819	3.881
81847	3.667
81845	3.925
620	3.250
6021	4.500
1967	3.625
6025	3.500
6027	3.333
5161	4.000
7396	4.100
2993	3.559
5165	3.667
4801	4.500
2641	3.197
90357	4.000
2647	5.000
106002	3.409
112399	4.500
6265	3.000
80217	4.500
106004	3.500
65601	2.500
58889	3.000
78517	3.000
509	3.750
6739	2.500
3428	3.000
36401	2.545
26835	3.500
6612	4.100
3422	3.438
3420	3.692
3426	3.417
3424	3.734
2003	3.170
2001	3.211
626	2.000
6331	3.875
6333	3.617
69654	4.000
4584	5.000
113640	2.500
6339	4.000
2995	1.969
59721	4.000
59727	3.250
59725	3.400
82242	4.000
26082	4.500
112515	3.750
725	2.375
2852	3.667
8256	4.000
2573	5.000
39659	3.500
718	3.000
6269	4.143
75985	3.000
114766	2.000
4520	2.667
1147	4.438
5417	3.000
3556	3.583
1370	3.288
3554	3.667
27317	3.750
71264	3.667
3550	3.667
4304	4.300
98829	4.000
91673	5.000
2171	3.875
8908	3.250
78467	1.833
102666	5.000
8906	3.500
85780	3.000
918	3.571
91325	2.000
8724	3.750
664	3.500
115147	4.000
2915	3.345
112171	2.600
1792	3.364
5778	2.500
108190	2.727
3202	5.000
1796	2.000
662	3.111
58706	4.000
113220	3.000
5952	4.061
99992	3.000
54281	4.125
94478	2.250
1264	4.286
7123	3.750
7121	3.750
49902	4.000
1369	2.500
4964	4.500
79134	3.000
6676	3.000
79136	4.500
1060	4.226
80026	4.500
5956	3.671
5305	3.500
1066	4.409
42958	3.500
4526	2.500
1668	1.833
71466	3.875
4960	4.000
42783	1.500
71462	4.100
71460	1.000
67252	3.333
592	3.398
594	3.662
1080	3.857
6599	3.500
65133	3.750
72694	2.000
147010	4.000
90746	3.357
714	3.545
3143	4.000
55851	3.500
2829	3.000
2124	3.286
3147	3.922
39408	0.500
2753	2.667
26680	3.500
26686	3.500
26684	4.000
3387	3.400
3385	2.667
8931	3.500
5819	3.500
4203	2.125
32735	4.000
45672	2.550
5419	2.125
44022	3.175
1408	3.616
7419	3.875
5501	3.000
68554	3.200
1404	2.750
4214	3.107
7743	3.250
4210	3.300
4212	3.300
7130	4.000
442	2.968
1358	3.886
440	3.561
446	4.000
1332	3.500
75983	4.000
501	4.100
1545	4.250
8128	3.625
8126	4.500
5772	4.500
8690	3.000
72630	3.500
1543	5.000
114818	2.500
7705	3.500
4201	5.000
4948	1.500
1961	3.966
3260	3.824
31114	4.000
32	3.923
5574	3.088
5572	2.667
5570	3.000
118924	2.750
3093	3.071
3837	5.000
1242	3.836
1532	2.500
7615	3.750
79592	3.429
111659	3.250
47382	3.250
1936	4.000
1493	4.000
97921	3.682
338	2.800
334	3.071
710	1.500
1934	4.167
330	2.700
71518	3.167
332	3.200
4102	3.833
4104	0.750
48783	3.875
5125	2.000
1633	3.375
8340	3.667
131013	2.500
1295	3.118
86000	4.750
4207	2.000
1938	4.000
103221	2.500
543	3.346
5787	2.000
3639	3.500
102686	2.000
1523	4.000
8410	4.000
99114	3.977
1901	3.000
25904	3.500
81054	4.000
25900	3.500
7415	2.500
3893	2.810
3891	1.000
3897	3.889
1495	1.000
3895	1.250
101106	3.000
804	2.893
846	4.000
78122	0.500
135264	4.000
56171	3.200
26325	4.000
5088	4.500
8	3.800
140110	4.000
116207	1.500
6618	3.688
4205	3.333
842	2.333
2542	4.128
1466	3.885
5954	3.574
96588	3.929
5958	2.000
4799	3.786
840	3.500
104321	2.500
8654	2.000
3967	3.709
3965	3.000
5792	2.700
3961	2.667
1604	3.000
103539	3.750
1497	2.833
8656	3.833
60943	3.667
1352	3.500
3969	2.957
78836	4.500
7152	4.000
120466	2.667
736	3.250
96829	4.250
86644	2.500
3637	4.000
135266	4.000
3635	3.750
3633	3.667
561	3.000
56715	4.000
117444	3.750
81782	3.000
6461	4.400
81784	2.700
67508	4.750
8768	3.500
81788	4.167
105254	3.000
848	3.455
4524	4.000
4612	4.750
74450	3.750
2340	2.935
2342	3.000
7833	3.833
6104	3.950
2348	3.455
4614	2.833
2672	3.083
103810	3.000
117590	2.000
1350	3.360
4616	3.875
43391	3.000
90719	3.000
49649	2.167
56003	2.750
2344	4.333
38384	3.500
57532	1.333
49647	3.500
6982	3.167
116887	2.000
93363	2.938
75990	4.500
1888	2.933
4467	3.615
4465	3.786
7815	1.500
60161	4.000
5004	3.000
1880	4.000
1529	3.833
2122	2.318
99811	4.000
949	3.594
46664	3.500
947	3.682
945	4.000
36276	3.083
941	3.875
101577	1.667
56788	3.857
7958	3.500
52458	3.650
25995	3.500
1594	3.429
127108	5.000
5172	2.500
139385	3.625
63836	5.000
87205	1.500
2652	4.500
4238	3.206
2656	3.500
2654	4.250
3417	4.333
3415	3.250
34520	2.500
7381	2.667
7387	3.600
80862	3.100
55116	4.000
33138	4.500
60763	3.333
45221	2.000
79868	3.500
102903	3.100
146688	2.000
1354	3.975
43832	3.000
1990	3.000
2018	3.456
25993	2.500
4863	4.000
1596	2.333
2016	2.500
2010	3.981
2012	3.266
79318	4.000
567	4.000
58627	3.750
60684	3.654
72395	2.917
65230	2.800
87218	3.500
5619	3.500
26574	4.000
48516	4.202
6568	2.750
67504	5.000
3563	1.500
8779	4.000
1453	2.357
3567	2.000
3565	3.364
83827	4.000
72393	4.000
135268	4.000
7206	4.000
5271	4.000
8979	4.250
113741	2.500
43869	4.000
96821	3.929
4483	2.500
5413	0.500
90403	3.000
8973	3.938
42013	1.750
4489	3.625
33004	3.294
33495	2.750
2902	2.375
2900	3.000
2906	2.667
44864	2.500
147	3.643
40732	3.857
2908	3.898
6858	3.250
703	3.000
8070	3.500
4375	4.000
89	3.441
8511	4.250
3503	3.600
33794	3.857
83	3.000
7132	4.000
87	1.667
26349	3.500
7136	4.250
60086	4.000
97057	5.000
26413	4.000
5312	3.375
60040	3.176
5316	3.083
7013	3.950
2494	4.000
1592	2.786
72104	3.000
651	1.000
68099	4.500
6368	4.500
33646	3.167
1653	3.679
7011	3.500
1657	3.000
1655	3.500
151307	4.500
587	3.325
68945	3.500
6586	3.000
26693	3.250
1772	3.133
129364	2.000
68347	4.500
8751	4.500
589	4.006
3152	3.976
3150	4.000
3156	2.972
2836	3.167
149	4.333
3107	3.359
1983	3.188
6874	3.820
3390	1.500
111228	2.500
3394	3.000
5400	3.088
5644	2.750
3398	3.500
3213	3.850
79695	2.500
2128	3.000
419	2.600
47423	2.750
4506	3.375
67665	3.125
33499	2.250
79057	3.167
76054	3.500
1349	4.500
1299	4.271
7947	4.000
1541	2.875
79677	5.000
4263	4.333
114342	4.000
4267	3.333
451	3.429
3349	4.000
453	2.400
455	2.839
51044	4.000
457	3.953
3125	3.300
5167	4.000
1886	1.500
2559	2.500
7073	3.800
1989	2.000
26198	3.000
6920	4.500
5875	2.000
107702	1.500
3701	3.312
7714	3.750
2214	3.500
8650	4.250
106011	4.500
118326	2.000
6522	3.000
5541	2.955
63393	1.750
2483	2.750
26749	5.000
1503	2.667
72919	2.500
71640	4.500
653	3.113
47384	2.500
91323	1.500
4508	3.300
1257	3.812
2939	3.000
3082	3.139
114122	3.500
8373	2.450
88356	2.000
833	2.625
8964	1.500
74649	4.000
8612	3.250
5891	3.000
5893	3.667
8571	3.000
6870	3.620
5899	4.000
8700	3.000
55732	2.000
30793	3.181
103980	3.750
111529	3.833
110591	2.833
103984	2.000
1598	3.750
47148	4.500
2126	2.804
101904	3.500
159462	3.000
7125	3.500
8447	1.000
31422	2.000
31420	3.500
94919	2.500
2937	4.000
39231	3.750
1884	3.625
55417	3.000
139642	3.500
2081	3.679
55363	3.333
54	3.667
1499	2.018
68073	3.900
943	4.000
26350	4.500
2816	1.750
43351	3.000
79686	4.500
7055	3.500
4663	4.000
84952	4.250
112735	4.500
4009	4.000
1376	3.500
43708	3.500
42015	2.833
4001	2.000
4003	3.000
4005	3.400
91622	2.500
4007	3.900
3970	3.833
51084	3.188
327	2.750
51080	3.900
3978	3.050
1882	2.179
71468	2.500
46772	2.000
51088	4.000
3628	4.000
1640	1.000
150401	3.000
116012	4.000
52287	3.312
3620	3.000
134881	4.000
3622	4.000
3624	3.211
3626	3.833
107559	5.000
4281	3.000
875	4.000
6032	4.250
85016	3.500
84950	2.500
158238	3.750
48596	3.000
6528	3.500
51927	3.000
2331	3.778
2333	3.609
5765	5.000
2335	3.308
2337	3.583
2339	3.000
4719	2.750
121171	3.000
51662	3.559
134025	3.000
69821	1.500
117871	3.000
82037	3.000
2201	4.500
82202	2.429
4867	3.700
1590	2.957
3714	3.000
8142	4.000
56030	3.500
3710	3.000
3712	3.417
98243	3.300
3077	4.056
110645	4.500
4478	3.583
5170	2.833
31431	1.000
25827	3.500
133798	1.500
4470	4.500
5932	3.833
4474	2.667
160271	2.500
101362	3.100
101360	1.500
5422	4.500
6003	3.625
4678	3.562
4676	2.833
2485	3.190
81083	3.750
4670	3.250
26178	3.667
1279	3.750
71464	3.231
2249	3.462
32289	5.000
4865	3.425
2247	3.406
98803	3.000
2241	2.833
6991	3.500
26176	3.000
2465	4.000
47629	3.400
2467	4.239
2461	3.250
2463	3.725
65418	2.500
5147	4.125
107555	5.000
87234	3.750
2469	3.318
5141	3.000
121	3.800
123	4.000
125	3.714
3406	4.125
8485	4.000
141890	4.000
57972	4.000
3509	3.333
99813	4.000
89337	3.000
5341	4.250
4874	3.208
1068	3.500
4876	1.125
79879	2.750
1255	3.542
1189	4.000
7017	3.000
4878	4.027
4308	3.636
5680	3.700
2069	3.778
1006	3.000
63481	2.000
85881	3.417
6315	1.750
85414	4.021
1026	2.500
2791	3.821
2797	3.832
2795	3.683
33493	3.629
48501	4.500
113378	2.167
4344	2.924
71390	5.000
113938	3.500
4397	3.000
128512	3.500
1183	3.601
52717	3.500
7228	2.500
3370	4.000
87306	3.375
87304	3.000
5099	3.667
1923	3.553
3578	3.966
2283	4.000
71248	2.625
3574	0.750
27351	1.000
63131	3.429
73741	2.000
5095	3.667
778	4.141
4496	3.000
8968	2.333
4492	2.625
36519	3.000
80350	0.500
4667	2.000
52579	3.500
8966	3.536
4498	4.000
53466	2.500
4342	5.000
71804	2.500
52456	3.500
115680	3.500
2935	4.200
1378	3.250
48165	4.500
5323	1.625
80864	3.250
38061	3.793
65216	5.000
1837	2.000
37785	3.000
1644	2.517
1646	2.571
78160	4.000
1642	2.375
1396	3.618
1648	3.167
32160	3.500
8814	1.000
3259	3.133
70465	4.000
8810	2.639
26268	4.000
808	3.250
41863	3.750
109205	4.000
70533	3.300
31682	4.500
4229	3.250
574	3.333
79796	3.500
26400	4.500
3169	3.346
2388	4.000
2803	3.300
111743	2.833
2801	3.800
1927	4.286
2807	2.500
2805	3.109
1848	2.700
1420	5.000
1271	3.700
1422	3.100
7093	0.500
5752	2.833
7091	4.111
3365	3.786
1163	2.500
7116	4.700
3361	3.807
3363	4.066
85401	3.500
2405	3.323
111617	2.167
111235	3.500
161830	1.000
2151	3.700
25825	3.750
4270	2.734
4276	3.000
101612	2.167
4056	3.500
5110	3.182
464	3.111
8537	4.000
4278	3.300
1356	3.878
608	4.257
80860	4.000
6959	4.000
5556	1.000
98908	1.500
2014	3.167
92681	2.500
109687	2.500
96832	5.000
5558	2.500
4052	2.688
1392	3.375
6243	3.000
79242	3.250
25850	3.875
108156	2.000
69278	2.750
4885	2.250
936	3.692
38	2.000
8487	2.750
1518	3.231
115534	2.000
8580	4.333
8582	3.900
8584	3.750
91488	2.500
3031	3.000
130520	4.000
4753	0.500
4225	3.545
8364	3.250
39419	2.500
88345	4.000
8368	3.762
89759	4.300
146501	2.500
26404	2.500
110102	4.118
5882	3.000
31437	4.000
5880	0.750
66198	2.500
6566	0.500
5888	4.500
1390	3.500
1004	2.500
30894	2.000
1798	2.333
5642	4.000
280	4.114
110586	4.500
84312	1.000
6287	2.348
4887	3.000
58964	3.000
6559	4.000
64321	4.500
48972	1.000
3185	3.192
31433	4.167
3181	3.833
585	3.073
159972	0.500
1996	1.750
5646	3.500
6964	3.500
136449	5.000
2878	2.000
103731	5.000
156025	5.000
3688	2.917
32203	4.000
84637	1.500
7439	2.786
26886	3.000
140174	3.900
1277	4.000
131451	1.000
6078	3.250
6630	4.000
5754	2.000
7767	4.250
47465	3.500
114795	3.500
130452	3.000
55280	3.667
55282	3.143
51705	3.500
51255	3.762
4012	2.500
117123	3.000
1897	3.214
4016	3.500
3396	3.900
7505	3.167
104925	3.667
354	3.500
352	3.357
350	3.329
87485	2.250
103883	2.667
4221	3.000
3981	2.417
358	2.429
110058	3.000
45	3.523
61210	2.500
5064	3.826
64660	5.000
81641	3.500
71525	3.000
5796	3.250
2036	2.500
6124	3.000
8799	2.500
6126	4.000
6122	4.500
41	4.022
1033	3.524
422	3.722
4706	4.000
2793	2.556
104457	3.500
7020	4.000
1446	3.833
1891	2.000
88163	3.679
135569	2.750
112582	4.000
62336	4.250
288	3.336
72612	2.500
1444	4.000
2292	4.000
4223	3.689
64716	4.045
282	3.284
7257	2.250
40581	4.250
3761	3.500
5066	3.100
3763	3.429
3765	2.000
7255	2.357
3769	3.200
40583	3.688
98441	4.000
262	3.850
8331	3.500
260	4.222
33826	4.000
55820	4.010
99839	4.000
264	4.500
1334	3.133
268	4.250
32029	3.444
2498	2.333
110461	4.000
6012	1.000
6014	1.000
6016	4.297
4643	2.875
4641	3.667
90522	2.000
60295	3.500
4539	3.000
259	3.700
131714	1.500
116797	4.109
3572	1.500
7899	3.167
26163	4.000
2254	3.000
2252	3.538
2195	2.786
2476	2.667
3569	3.357
33587	3.000
2472	3.250
2470	3.233
1589	3.395
113565	3.000
76111	4.333
987	3.000
3343	2.500
2478	3.258
6890	3.350
66097	3.792
4090	2.812
110	3.945
1336	3.500
253	3.396
189	4.000
7312	0.500
118	2.800
165	3.444
5864	0.500
2784	4.000
4803	3.083
2780	4.167
2782	3.833
4809	3.800
53550	3.667
27555	4.000
2788	4.091
257	3.577
2078	3.739
6308	2.750
2072	3.053
2265	2.000
2070	4.038
2076	4.037
33437	3.750
108949	2.500
132333	5.000
79428	2.500
5923	2.750
31804	3.500
4018	3.125
8999	4.000
58649	5.000
6892	2.500
108945	2.333
52722	2.717
1330	3.429
2203	4.400
5666	2.083
83803	3.750
167	4.000
6751	0.500
39435	3.125
138036	3.429
8955	5.000
95499	4.500
64116	1.000
8951	4.000
3501	3.875
5080	2.750
3505	3.909
3507	3.810
2670	4.333
5736	2.500
8056	2.500
2674	3.000
2676	2.750
70678	4.500
8977	3.500
118900	3.500
111680	1.500
2928	3.667
26323	4.500
26903	3.750
2920	4.500
1794	3.750
2922	3.833
2924	4.583
8711	3.750
2926	3.667
102123	3.500
5334	2.833
161	3.831
26501	5.000
1208	4.138
83096	3.500
2566	3.000
102125	3.500
2869	1.000
104419	4.500
1985	2.200
1635	3.824
52245	3.143
70597	2.500
1639	3.569
2904	3.000
3219	3.692
1860	4.667
26505	4.500
659	4.250
48082	3.278
48774	3.628
8827	4.357
705	2.833
44073	2.000
1583	1.500
33660	3.579
569	2.500
81591	3.779
6896	3.500
2810	3.750
97895	3.500
68965	0.500
68967	4.000
565	4.500
4975	3.014
51471	5.000
3178	3.636
163	3.516
55167	2.375
59118	4.000
26819	4.000
8199	4.750
27751	3.500
3174	3.300
69849	4.500
3176	3.500
141124	5.000
7080	3.500
7082	4.000
747	2.750
7084	3.625
60756	3.786
7086	3.000
7088	4.250
1862	2.312
1185	3.750
5420	2.667
105755	1.333
1181	4.000
59590	2.000
26251	4.000
71033	3.714
59594	2.667
4391	4.000
1747	3.458
99675	4.000
47997	3.136
7190	4.000
44828	1.750
1161	4.062
640	3.333
69122	3.614
89030	2.750
4247	2.450
112070	4.000
72605	3.000
72603	3.000
47999	3.583
1204	4.216
5521	0.500
2148	3.667
7925	3.250
5525	4.000
5527	2.667
6942	3.582
6940	4.000
89753	3.500
6944	3.136
3659	3.000
91653	3.500
2913	3.000
81	3.250
2245	3.560
27423	4.000
3196	3.950
47	4.035
2580	3.870
43	3.625
80844	1.000
1569	3.298
471	3.878
69241	2.500
8797	4.500
7299	4.000
8542	4.000
1293	3.978
80846	3.250
1297	3.375
3192	4.000
1291	4.017
74948	3.667
4515	3.250
91873	1.500
1361	4.154
74946	3.375
74944	3.000
34542	3.750
8009	3.500
59985	3.500
72733	3.750
27193	2.000
72737	2.900
8003	2.000
4399	1.000
145935	4.000
107081	4.500
107083	4.500
590	3.718
4849	3.000
5637	1.500
6548	3.182
1367	2.959
3194	3.682
82035	2.500
477	3.594
475	4.210
8821	2.500
479	3.250
3198	3.952
